[
	856,
	887,
	1175,
	1208,
	1344,
	2100,
	2115,
	2116,
	2117,
	2275,
	3747,
	4158,
	4261,
	4801,
	5808,
	6336,
	8083,
	8218,
	9133,
	9620,
	9750,
	11007,
	11286,
	11583,
	11857,
	11973,
	13458,
	13567,
	13737,
	13914,
	14617,
	15032,
	15992,
	16075,
	17537,
	18163,
	18627,
	19881,
	20291,
	20640,
	20947,
	21471,
	21641,
	21694,
	22194,
	22536,
	23916,
	24080,
	24886,
	25122,
	25231,
	25417,
	26976,
	27848,
	27849,
	29083,
	30491,
	31217,
	32022,
	32484,
	34548,
	34661,
	34846,
	34851,
	36165,
	36225,
	37398,
	38368,
	40642,
	42363,
	42799,
	43347,
	43505,
	44125,
	44792,
	45249,
	46935,
	47086,
	47761,
	49024,
	49210,
	49803,
	50960,
	52469,
	52707,
	53082,
	53085,
	53114,
	54172,
	54345,
	54616,
	55249,
	55558,
	55890,
	56891,
	58171,
	58172,
	58182,
	60903,
	61616,
	64274,
	65407,
	67664,
	69760,
	75977,
	76772,
	77118,
	77229,
	77245,
	77252,
	78969,
	80103,
	80536,
	80872,
	84161,
	84179,
	84946,
	87273,
	87457,
	88572,
	88946,
	89847,
	89972,
	93071,
	98484,
	100623,
	101271,
	103777,
	104758,
	105439,
	108127,
	108151,
	108161,
	108167,
	108503,
	125674,
	128158,
	131885,
	139242,
	141063,
	141959,
	142058,
	142550,
	142594,
	143475,
	149743,
	153890,
	155379,
	156166,
	156436,
	156738,
	158466,
	162184,
	162549,
	164613,
	164628,
	165111,
	166088,
	166842,
	166886,
	167378,
	170786,
	170882,
	171410,
	172395,
	173709,
	174051,
	176391,
	177113,
	177219,
	177808,
	180205,
	180398,
	181219,
	182748,
	183270,
	183989,
	184645,
	184860,
	185179,
	185256,
	186074,
	186266,
	189522,
	189816,
	190260,
	197558,
	199804,
	200722,
	205635,
	206029,
	206442,
	206845,
	208896,
	210901,
	212187,
	212813,
	212816,
	216672,
	217033,
	218232,
	220290,
	224584,
	230109,
	231177,
	239587,
	239803,
	240267,
	241282,
	246513,
	248129,
	249165,
	249179,
	251427,
	251431,
	251716,
	253848,
	254085,
	254496,
	255099,
	256152,
	263501,
	266699,
	266798,
	270520,
	273365,
	273605,
	274307,
	274539,
	274771,
	276598,
	285096,
	285368,
	285642,
	287165,
	288154,
	288454,
	288496,
	288521,
	288526,
	288541,
	290327,
	290962,
	291470,
	292279,
	293355,
	293389,
	294400,
	295207,
	298045,
	298796,
	299937,
	300267,
	300463,
	300594,
	302161,
	302236,
	302330,
	302762,
	303043,
	304701,
	307201,
	309492,
	309683,
	310490,
	310928,
	311358,
	311903,
	316677,
	317400,
	322247,
	324054,
	325375,
	326292,
	335201,
	335218,
	335298,
	339301,
	339986,
	341558,
	342837,
	343020,
	343585,
	344264,
	345676,
	346721,
	350072,
	350531,
	353082,
	355005,
	357750,
	358805,
	361145,
	362396,
	363889,
	367175,
	367525,
	368245,
	371349,
	374625,
	376898,
	380140,
	385954,
	390335,
	391525,
	393335,
	393336,
	394468,
	396241,
	400185,
	400782,
	402072,
	404122,
	404228,
	404894,
	407844,
	409938,
	410016,
	412253,
	413007,
	415093,
	416486,
	417226,
	418482,
	419854,
	422332,
	422902,
	424253,
	426633,
	431619,
	432994,
	434030,
	442633,
	449408,
	452810,
	453246,
	453275,
	455613,
	459552,
	460442,
	462804,
	465154,
	465931,
	468431,
	471309,
	473342,
	476088,
	476148,
	478424,
	480351,
	483681,
	486566,
	486709,
	487010,
	488438,
	489612,
	491472,
	493047,
	493693,
	500366,
	500988,
	500991,
	501016,
	507760,
	510070,
	515270,
	517879,
	517950,
	519323,
	519916,
	523032,
	524919,
	524946,
	526277,
	532520,
	532559,
	536967,
	537930,
	537968,
	543102,
	544916,
	546408,
	548115,
	548877,
	549001,
	549023,
	551827,
	556557,
	564882,
	565879,
	568067,
	570838,
	572367,
	576420,
	579504,
	587884,
	589388,
	590264,
	591374,
	605166,
	606679,
	608205,
	609955,
	611075,
	613351,
	618552,
	620707,
	626689,
	630081,
	630110,
	635752,
	635753,
	635993,
	637732,
	641975,
	645231,
	645471,
	646346,
	647317,
	652988,
	653209,
	653256,
	653309,
	658268,
	660310,
	660847,
	665585,
	667630,
	675838,
	679002,
	685949,
	689524,
	691812,
	693225,
	694168,
	694543,
	695930,
	696499,
	698969,
	699139,
	699244,
	700351,
	710171,
	710492,
	712764,
	719600,
	738012,
	745222,
	751950,
	753557,
	754587,
	758001,
	761174,
	762641,
	765824,
	768870,
	769029,
	771221,
	779965,
	780419,
	786705,
	792694,
	798717,
	811682,
	819679,
	827543,
	840557,
	851756,
	853976,
	855978,
	860937,
	864103,
	864271,
	867860,
	868004,
	870314,
	872743,
	888742,
	893389,
	897080,
	898465,
	899824,
	904232,
	906342,
	907804,
	908696,
	909036,
	911996,
	913935,
	917854,
	918866,
	920613,
	923939,
	928023,
	932857,
	933039,
	935160,
	935350,
	937662,
	943426,
	945688,
	947352,
	948643,
	951974,
	957045,
	958530,
	959195,
	960418,
	961319,
	962382,
	964126,
	965747,
	969321,
	971920,
	972853,
	979018,
	979470,
	979581,
	982174,
	982480,
	984365,
	995423,
	996419,
	1000668,
	1002012,
	1003431,
	1005263,
	1007246,
	1007532,
	1008256,
	1013516,
	1015069,
	1023840,
	1026675,
	1031530,
	1032047,
	1042167,
	1044721,
	1046434,
	1047264,
	1051938,
	1053115,
	1053486,
	1056289,
	1056290,
	1059095,
	1069305,
	1072255,
	1086328,
	1089123,
	1102350,
	1104162,
	1104337,
	1108112,
	1116456,
	1125033,
	1127820,
	1127964,
	1132413,
	1136013,
	1138340,
	1141784,
	1144328,
	1147191,
	1149120,
	1151730,
	1152000,
	1158493,
	1158926,
	1159534,
	1164350,
	1164532,
	1169524,
	1170950,
	1173066,
	1174030,
	1177757,
	1178063,
	1179621,
	1184561,
	1186672,
	1192863,
	1196694,
	1196708,
	1198219,
	1199209,
	1200788,
	1201805,
	1203558,
	1206962,
	1208328,
	1209259,
	1211346,
	1211596,
	1212885,
	1213838,
	1222778,
	1230359,
	1235559,
	1235674,
	1236599,
	1242128,
	1243630,
	1247005,
	1264812,
	1264813,
	1269528,
	1271175,
	1274989,
	1284592,
	1287592,
	1301008,
	1301475,
	1303174,
	1303939,
	1316304,
	1317387,
	1319150,
	1323076,
	1323590,
	1326169,
	1329168,
	1331586,
	1338307,
	1349800,
	1357694,
	1364072,
	1368974,
	1379658,
	1386692,
	1386785,
	1387187,
	1391293,
	1395636,
	1396951,
	1403955,
	1406164,
	1406292,
	1408342,
	1410889,
	1411823,
	1424531,
	1425632,
	1426183,
	1426544,
	1427831,
	1428049,
	1431723,
	1441902,
	1442043,
	1447373,
	1447494,
	1456686,
	1458566,
	1462074,
	1466183,
	1471863,
	1472357,
	1472622,
	1474380,
	1474536,
	1483094,
	1483501,
	1485411,
	1486604,
	1487132,
	1489735,
	1492625,
	1499040,
	1503290,
	1504759,
	1512263,
	1514971,
	1524627,
	1553421,
	1555022,
	1557035,
	1563047,
	1563611,
	1564167,
	1566848,
	1570361,
	1572190,
	1572257,
	1573080,
	1575166,
	1580443,
	1588987,
	1589091,
	1593058,
	1594727,
	1595400,
	1596073,
	1597400,
	1599192,
	1604458,
	1610421,
	1615701,
	1619670,
	1629409,
	1634482,
	1639060,
	1640293,
	1643600,
	1644302,
	1644850,
	1647180,
	1655002,
	1655028,
	1655853,
	1657132,
	1661661,
	1661931,
	1672066,
	1675554,
	1676045,
	1676182,
	1678806,
	1682927,
	1693532,
	1693540,
	1695314,
	1698846,
	1700001,
	1701239,
	1701911,
	1704206,
	1709048,
	1713552,
	1716857,
	1717603,
	1721113,
	1721389,
	1724551,
	1726010,
	1727720,
	1728378,
	1729327,
	1730968,
	1731268,
	1732092,
	1734657,
	1739969,
	1740334,
	1743366,
	1747578,
	1759005,
	1760737,
	1761318,
	1764010,
	1765704,
	1767213,
	1769820,
	1778172,
	1786540,
	1793528,
	1795577,
	1803707,
	1805306,
	1809438,
	1810900,
	1815744,
	1822096,
	1823490,
	1825813,
	1827897,
	1828644,
	1831361,
	1832226,
	1838959,
	1841203,
	1843662,
	1844883,
	1846177,
	1865493,
	1868887,
	1874233,
	1875364,
	1879497,
	1881277,
	1883336,
	1895311,
	1896253,
	1900009,
	1900277,
	1906349,
	1915343,
	1921119,
	1932206,
	1941989,
	1945135,
	1946699,
	1950611,
	1951979,
	1968637,
	1969123,
	1971588,
	1981520,
	1982445,
	1986121,
	1986150,
	1987389,
	1987392,
	1987394,
	1989014,
	1993983,
	2001664,
	2002939,
	2004932,
	2006213,
	2008104,
	2010337,
	2013423,
	2014307,
	2020710,
	2023143,
	2025029,
	2028366,
	2030178,
	2041809,
	2043503,
	2043837,
	2049553,
	2052368,
	2060829,
	2061644,
	2064461,
	2066739,
	2074972,
	2076234,
	2079154,
	2081373,
	2084265,
	2087230,
	2093258,
	2096047,
	2098080,
	2099539,
	2109102,
	2111820,
	2115378,
	2122954,
	2132342,
	2132353,
	2133645,
	2133759,
	2134208,
	2134252,
	2137005,
	2139112,
	2140218,
	2140258,
	2144748,
	2147198,
	2151743,
	2155264,
	2155700,
	2156188,
	2161074,
	2162109,
	2168138,
	2169816,
	2171837,
	2173386,
	2173406,
	2184218,
	2184531,
	2188195,
	2197786,
	2224433,
	2225529,
	2226395,
	2237978,
	2241719,
	2241788,
	2242845,
	2244909,
	2245272,
	2246638,
	2253598,
	2254496,
	2259077,
	2266694,
	2273875,
	2285160,
	2292453,
	2293714,
	2295465,
	2301073,
	2306747,
	2307516,
	2316281,
	2318949,
	2322502,
	2329035,
	2332401,
	2333594,
	2356026,
	2358161,
	2359120,
	2362329,
	2371636,
	2373169,
	2374259,
	2382108,
	2388189,
	2400228,
	2406009,
	2409392,
	2410116,
	2416981,
	2417256,
	2417303,
	2427913,
	2430774,
	2432373,
	2432701,
	2442197,
	2446391,
	2448663,
	2454187,
	2455639,
	2457502,
	2460231,
	2460260,
	2462561,
	2464767,
	2473933,
	2480992,
	2482623,
	2489332,
	2493377,
	2502823,
	2521002,
	2523808,
	2531250,
	2531373,
	2531827,
	2535286,
	2535987,
	2536328,
	2547278,
	2551739,
	2558807,
	2575044,
	2580391,
	2582085,
	2593693,
	2593727,
	2595006,
	2595990,
	2598332,
	2606859,
	2606880,
	2606898,
	2606967,
	2607879,
	2617049,
	2622235,
	2624368,
	2624954,
	2633339,
	2635169,
	2635264,
	2636550,
	2642722,
	2644030,
	2645131,
	2649046,
	2652267,
	2664507,
	2667584,
	2675620,
	2678870,
	2682830,
	2693109,
	2694499,
	2695396,
	2700162,
	2704187,
	2709770,
	2713921,
	2726295,
	2726331,
	2728255,
	2734401,
	2736732,
	2748670,
	2751025,
	2754556,
	2769630,
	2772685,
	2776002,
	2787604,
	2795816,
	2798565,
	2819817,
	2820217,
	2823699,
	2827778,
	2837583,
	2840561,
	2844489,
	2844938,
	2854573,
	2854955,
	2859451,
	2868519,
	2873466,
	2879682,
	2881769,
	2886094,
	2886717,
	2900385,
	2904354,
	2910548,
	2913439,
	2925417,
	2925670,
	2932425,
	2938137,
	2945440,
	2945546,
	2956917,
	2963764,
	2967137,
	2972302,
	2973479,
	2980485,
	2982529,
	2993710,
	2994406,
	3005488,
	3018006,
	3021339,
	3024106,
	3024403,
	3024637,
	3029138,
	3034471,
	3039215,
	3042645,
	3048697,
	3049527,
	3052656,
	3054626,
	3069510,
	3071427,
	3086500,
	3091884,
	3092836,
	3093575,
	3093581,
	3100101,
	3101767,
	3104230,
	3108906,
	3114425,
	3121062,
	3132493,
	3156012,
	3159891,
	3164566,
	3179097,
	3201815,
	3202418,
	3203788,
	3216683,
	3218456,
	3219936,
	3220218,
	3220546,
	3229686,
	3231949,
	3240873,
	3243727,
	3246973,
	3247723,
	3253365,
	3261512,
	3269676,
	3270251,
	3278294,
	3284634,
	3285645,
	3298143,
	3304044,
	3318339,
	3319862,
	3322900,
	3323030,
	3327063,
	3329251,
	3333853,
	3337598,
	3347626,
	3354247,
	3356874,
	3370433,
	3375925,
	3381449,
	3382843,
	3383346,
	3385775,
	3385776,
	3385777,
	3385778,
	3385781,
	3385783,
	3385788,
	3385790,
	3385793,
	3385798,
	3385799,
	3385800,
	3385828,
	3385829,
	3385831,
	3385832,
	3385833,
	3385834,
	3385835,
	3385837,
	3385838,
	3385846,
	3385847,
	3385848,
	3385849,
	3385850,
	3385851,
	3385852,
	3385859,
	3385860,
	3385861,
	3390135,
	3390326,
	3391901,
	3392990,
	3392991,
	3392993,
	3393003,
	3393011,
	3393018,
	3394669,
	3394998,
	3395084,
	3395597,
	3396197,
	3398966,
	3399169,
	3399870,
	3399875,
	3399884,
	3399890,
	3399902,
	3399936,
	3399943,
	3399959,
	3399962,
	3403867,
	3403873,
	3403891,
	3403961,
	3404041,
	3405443,
	3405839,
	3411406,
	3412058,
	3412226,
	3412497,
	3412499,
	3412503,
	3412506,
	3412507,
	3412514,
	3412572,
	3412629,
	3412631,
	3412635,
	3412637,
	3412649,
	3412654,
	3412657,
	3412660,
	3412662,
	3412664,
	3412667,
	3412678,
	3412679,
	3412683,
	3412696,
	3412726,
	3412728,
	3412777,
	3412779,
	3412816,
	3412817,
	3412818,
	3412841,
	3412855,
	3412857,
	3413012,
	3413020,
	3413027,
	3413031,
	3413042,
	3413046,
	3413055,
	3413057,
	3413058,
	3413067,
	3413078,
	3413081,
	3413084,
	3413090,
	3413092,
	3413095,
	3413102,
	3413112,
	3413116,
	3413120,
	3413127,
	3413133,
	3413136,
	3413139,
	3418417,
	3418588,
	3425460,
	3428492,
	3434143,
	3435088,
	3439755,
	3442586,
	3443550,
	3447756,
	3449767,
	3452353,
	3452383,
	3452388,
	3452394,
	3452405,
	3452431,
	3452434,
	3452435,
	3452440,
	3452483,
	3452486,
	3452490,
	3452506,
	3452535,
	3452563,
	3452574,
	3452578,
	3452590,
	3452596,
	3452604,
	3452640,
	3452643,
	3452660,
	3452662,
	3454459,
	3454480,
	3454495,
	3454499,
	3454502,
	3454503,
	3456576,
	3456579,
	3456591,
	3456667,
	3456682,
	3456746,
	3456759,
	3456762,
	3456769,
	3456775,
	3459973,
	3459974,
	3461748,
	3461752,
	3461865,
	3462106,
	3472340,
	3478889,
	3483624,
	3497897,
	3501080,
	3501736,
	3505074,
	3509173,
	3510754,
	3513990,
	3528341,
	3532895,
	3533028,
	3533054,
	3540442,
	3540851,
	3541886,
	3542859,
	3544244,
	3544255,
	3553034,
	3553536,
	3555616,
	3562519,
	3564120,
	3568464,
	3572070,
	3573929,
	3576960,
	3583903,
	3586493,
	3589794,
	3592272,
	3592745,
	3598797,
	3605143,
	3611947,
	3616281,
	3619839,
	3624002,
	3624137,
	3624263,
	3624312,
	3624353,
	3624357,
	3624368,
	3624515,
	3624521,
	3624525,
	3624826,
	3624871,
	3624933,
	3624960,
	3627027,
	3630694,
	3632893,
	3635917,
	3636514,
	3641266,
	3643782,
	3645176,
	3650881,
	3653818,
	3654958,
	3654964,
	3654972,
	3654977,
	3655136,
	3658678,
	3658791,
	3658826,
	3658882,
	3658917,
	3658949,
	3662368,
	3663002,
	3663011,
	3663012,
	3663046,
	3663171,
	3663183,
	3663460,
	3663521,
	3668098,
	3675231,
	3677824,
	3677871,
	3678997,
	3679652,
	3680136,
	3682201,
	3685917,
	3691507,
	3693989,
	3698345,
	3708262,
	3711449,
	3717727,
	3720606,
	3731990,
	3732885,
	3734765,
	3737850,
	3742923,
	3748886,
	3752473,
	3753650,
	3756011,
	3764112,
	3765266,
	3766312,
	3770201,
	3770881,
	3771965,
	3776662,
	3780841,
	3790351,
	3793702,
	3794707,
	3825919,
	3828249,
	3833283,
	3833481,
	3835559,
	3836491,
	3841924,
	3844838,
	3846684,
	3847091,
	3848160,
	3850541,
	3850593,
	3850685,
	3855191,
	3858176,
	3865499,
	3869598,
	3872560,
	3877569,
	3880224,
	3883684,
	3884255,
	3889243,
	3901527,
	3904819,
	3920878,
	3921073,
	3943665,
	3944785,
	3968593,
	3970081,
	3990134,
	4004003,
	4006461,
	4013289,
	4019044,
	4024903,
	4025672,
	4033916,
	4038195,
	4038553,
	4045505,
	4046010,
	4057739,
	4059905,
	4060544,
	4062827,
	4063368,
	4064866,
	4075990,
	4082491,
	4086736,
	4086920,
	4097045,
	4097799,
	4099532,
	4101429,
	4111554,
	4124248,
	4126346,
	4135268,
	4135278,
	4136928,
	4146009,
	4154125,
	4163127,
	4165148,
	4169758,
	4173461,
	4184775,
	4190403,
	4202362,
	4209429,
	4217548,
	4221971,
	4222025,
	4227738,
	4228970,
	4229517,
	4244651,
	4249429,
	4251320,
	4269230,
	4270486,
	4275901,
	4278597,
	4278602,
	4294484,
	4294493,
	4294495,
	4294504,
	4294513,
	4294517,
	4294520,
	4294534,
	4294561,
	4294598,
	4294600,
	4294647,
	4294667,
	4294668,
	4294670,
	4294695,
	4294720,
	4294736,
	4294806,
	4294811,
	4294864,
	4294886,
	4294923,
	4294925,
	4294965,
	4294977,
	4295562,
	4295566,
	4295586,
	4295627,
	4295656,
	4295663,
	4295693,
	4295719,
	4295725,
	4295726,
	4295741,
	4295742,
	4295749,
	4295772,
	4295775,
	4295825,
	4295829,
	4295830,
	4295850,
	4295852,
	4295857,
	4295903,
	4296203,
	4296431,
	4296449,
	4296503,
	4296514,
	4296516,
	4296521,
	4296586,
	4297024,
	4297070,
	4297071,
	4297155,
	4297242,
	4297376,
	4298025,
	4298800,
	4300821,
	4307108,
	4307996,
	4310717,
	4316443,
	4318034,
	4322641,
	4322777,
	4323702,
	4333296,
	4336665,
	4345778,
	4346564,
	4366966,
	4370371,
	4374484,
	4380841,
	4387059,
	4393439,
	4394897,
	4397719,
	4399237,
	4399962,
	4400805,
	4402293,
	4402294,
	4402297,
	4402659,
	4403443,
	4403456,
	4405171,
	4411357,
	4411367,
	4413519,
	4414249,
	4419437,
	4430493,
	4437712,
	4440493,
	4441801,
	4443224,
	4446868,
	4450163,
	4450535,
	4460479,
	4460732,
	4464948,
	4467674,
	4467703,
	4468933,
	4471222,
	4471372,
	4472621,
	4472652,
	4476305,
	4477615,
	4479754,
	4486606,
	4486913,
	4499470,
	4508918,
	4516773,
	4517134,
	4517141,
	4517149,
	4517404,
	4520428,
	4528762,
	4528784,
	4528789,
	4530034,
	4536940,
	4539456,
	4541898,
	4543659,
	4552019,
	4554235,
	4566316,
	4569841,
	4569853,
	4569871,
	4569875,
	4570632,
	4574329,
	4584118,
	4585401,
	4590637,
	4599793,
	4599832,
	4600668,
	4600678,
	4600697,
	4617784,
	4634587,
	4637980,
	4637981,
	4637982,
	4637986,
	4638078,
	4638121,
	4638141,
	4638147,
	4638451,
	4640404,
	4642080,
	4642085,
	4642086,
	4642102,
	4642108,
	4642140,
	4642157,
	4644447,
	4646573,
	4646588,
	4647326,
	4647330,
	4647349,
	4647365,
	4647390,
	4647411,
	4647444,
	4647456,
	4647675,
	4647676,
	4647721,
	4647736,
	4647749,
	4647752,
	4647761,
	4647762,
	4647815,
	4647828,
	4648107,
	4648111,
	4648128,
	4648132,
	4648136,
	4648146,
	4648249,
	4648287,
	4648318,
	4648364,
	4648385,
	4648401,
	4649665,
	4649668,
	4649725,
	4649732,
	4649850,
	4649881,
	4649904,
	4649973,
	4649974,
	4649982,
	4649989,
	4650022,
	4650038,
	4650055,
	4650082,
	4650109,
	4650116,
	4650147,
	4650157,
	4650166,
	4650250,
	4650398,
	4650433,
	4650526,
	4650635,
	4650806,
	4652553,
	4657839,
	4657841,
	4657852,
	4657853,
	4657877,
	4658376,
	4658383,
	4658409,
	4658461,
	4658518,
	4658593,
	4658623,
	4658672,
	4658680,
	4658681,
	4658726,
	4660568,
	4660653,
	4660744,
	4660752,
	4660821,
	4660864,
	4660868,
	4660897,
	4660930,
	4660974,
	4661002,
	4661003,
	4661383,
	4661399,
	4661430,
	4663710,
	4663872,
	4663921,
	4663970,
	4666923,
	4666948,
	4671813,
	4671877,
	4671900,
	4671924,
	4671974,
	4674134,
	4677257,
	4679437,
	4679443,
	4679551,
	4679742,
	4691522,
	4691605,
	4691632,
	4691633,
	4691751,
	4691873,
	4691875,
	4691881,
	4691889,
	4692070,
	4692303,
	4695143,
	4695308,
	4696999,
	4699000,
	4702389,
	4702468,
	4703005,
	4703654,
	4705441,
	4707739,
	4708326,
	4708892,
	4708924,
	4709207,
	4709408,
	4709755,
	4713917,
	4721263,
	4721343,
	4721346,
	4721351,
	4721363,
	4721369,
	4721433,
	4721591,
	4721846,
	4726437,
	4727319,
	4738853,
	4747492,
	4748087,
	4758506,
	4758521,
	4766028,
	4766182,
	4775379,
	4786901,
	4788684,
	4788687,
	4792146,
	4796742,
	4808746,
	4811119,
	4812879,
	4826235,
	4832020,
	4839803,
	4847380,
	4861502,
	4865195,
	4866729,
	4867122,
	4868225,
	4877687,
	4877990,
	4881735,
	4885428,
	4885723,
	4885744,
	4888949,
	4895753,
	4913086,
	4913350,
	4913637,
	4932385,
	4933976,
	4950223,
	4951107,
	4957676,
	4957709,
	4959507,
	4973995,
	4982675,
	4986196,
	4991518,
	4996833,
	5016001,
	5030073,
	5033801,
	5037425,
	5042706,
	5050662,
	5057068,
	5074830,
	5076454,
	5078775,
	5081861,
	5082488,
	5086875,
	5087008,
	5087015,
	5087021,
	5087213,
	5087216,
	5092132,
	5092887,
	5117441,
	5119510,
	5119978,
	5124162,
	5124388,
	5132023,
	5132076,
	5132078,
	5132079,
	5132471,
	5132534,
	5132750,
	5132841,
	5132855,
	5132995,
	5135081,
	5137004,
	5141129,
	5142608,
	5148813,
	5156158,
	5156160,
	5156166,
	5156189,
	5156192,
	5156215,
	5156218,
	5156219,
	5156232,
	5156238,
	5156272,
	5156303,
	5156305,
	5156321,
	5156328,
	5156339,
	5156346,
	5156351,
	5156366,
	5156367,
	5156382,
	5156383,
	5156393,
	5156401,
	5156465,
	5156479,
	5156482,
	5156487,
	5165877,
	5173259,
	5173574,
	5174457,
	5186895,
	5189452,
	5189840,
	5206465,
	5208935,
	5210950,
	5221970,
	5222664,
	5224922,
	5238709,
	5238716,
	5238725,
	5263464,
	5264342,
	5265568,
	5269867,
	5278546,
	5285468,
	5306084,
	5310610,
	5310934,
	5315237,
	5316980,
	5317749,
	5324334,
	5337265,
	5338209,
	5338493,
	5339442,
	5363029,
	5363722,
	5363786,
	5369668,
	5371153,
	5374500,
	5374508,
	5378207,
	5387330,
	5392768,
	5393784,
	5398966,
	5412640,
	5413040,
	5416311,
	5418876,
	5421549,
	5422436,
	5426051,
	5432971,
	5433778,
	5440628,
	5453763,
	5461331,
	5461898,
	5470350,
	5484325,
	5495460,
	5518181,
	5525518,
	5544154,
	5546927,
	5547859,
	5553191,
	5555631,
	5558930,
	5570077,
	5570175,
	5571608,
	5575656,
	5575706,
	5579704,
	5589474,
	5601238,
	5608488,
	5615825,
	5623767,
	5635232,
	5635271,
	5638037,
	5640331,
	5655473,
	5655990,
	5661065,
	5663183,
	5679508,
	5684969,
	5690096,
	5704229,
	5706197,
	5708147,
	5721736,
	5722410,
	5750457,
	5759048,
	5767595,
	5767608,
	5776668,
	5779005,
	5779592,
	5789706,
	5791028,
	5791610,
	5800057,
	5801848,
	5803571,
	5811130,
	5820998,
	5826822,
	5829849,
	5835524,
	5836960,
	5837613,
	5848357,
	5872299,
	5892577,
	5896205,
	5901058,
	5903593,
	5903646,
	5908524,
	5917766,
	5925888,
	5941922,
	5984677,
	5984680,
	5984703,
	5986592,
	5998876,
	6007991,
	6014350,
	6023230,
	6024158,
	6024979,
	6034767,
	6045220,
	6061608,
	6076073,
	6081422,
	6094955,
	6098471,
	6110925,
	6119945,
	6122056,
	6124000,
	6126486,
	6139749,
	6146055,
	6150398,
	6154517,
	6163559,
	6168477,
	6170188,
	6170557,
	6176864,
	6177891,
	6184251,
	6184507,
	6193761,
	6201200,
	6201463,
	6201534,
	6201576,
	6201584,
	6201690,
	6201714,
	6201870,
	6201897,
	6202248,
	6203151,
	6203499,
	6203588,
	6203729,
	6213231,
	6215418,
	6215940,
	6216007,
	6216057,
	6216076,
	6216149,
	6216942,
	6217056,
	6217389,
	6217458,
	6217527,
	6230288,
	6233230,
	6235933,
	6241014,
	6241731,
	6244625,
	6247798,
	6257027,
	6265299,
	6267909,
	6277586,
	6287445,
	6294573,
	6294936,
	6302482,
	6306203,
	6317768,
	6318213,
	6320608,
	6323437,
	6323897,
	6325645,
	6328119,
	6331931,
	6333333,
	6336087,
	6336741,
	6336992,
	6342137,
	6342387,
	6346723,
	6347899,
	6353187,
	6356842,
	6383372,
	6385522,
	6390808,
	6405722,
	6408298,
	6450523,
	6450669,
	6451107,
	6465304,
	6469846,
	6482747,
	6482815,
	6482938,
	6484676,
	6484726,
	6484794,
	6492510,
	6499197,
	6504888,
	6509432,
	6512409,
	6521881,
	6523846,
	6523869,
	6523911,
	6523923,
	6523942,
	6523959,
	6524024,
	6524143,
	6524145,
	6525649,
	6535437,
	6543135,
	6543210,
	6543309,
	6552030,
	6561357,
	6582737,
	6587187,
	6591301,
	6593888,
	6596029,
	6597465,
	6597525,
	6597537,
	6597570,
	6597574,
	6597658,
	6597729,
	6597935,
	6599382,
	6599387,
	6599388,
	6599410,
	6599440,
	6599707,
	6605186,
	6610998,
	6611928,
	6612477,
	6612600,
	6613343,
	6613371,
	6613402,
	6613409,
	6613458,
	6613562,
	6613664,
	6614030,
	6614208,
	6614472,
	6614524,
	6616768,
	6616813,
	6617011,
	6619846,
	6623931,
	6644564,
	6669778,
	6670185,
	6694497,
	6697849,
	6705946,
	6707196,
	6709413,
	6710176,
	6717396,
	6718882,
	6721887,
	6723600,
	6724072,
	6724471,
	6731772,
	6732567,
	6742746,
	6743866,
	6744971,
	6761793,
	6765404,
	6767752,
	6769241,
	6779909,
	6785695,
	6804207,
	6807111,
	6810234,
	6825468,
	6843121,
	6850158,
	6855405,
	6856636,
	6858679,
	6861635,
	6864810,
	6874131,
	6875006,
	6877445,
	6885598,
	6885801,
	6885978,
	6887206,
	6900004,
	6902761,
	6907747,
	6916350,
	6924281,
	6935484,
	6938270,
	6941261,
	6941353,
	6941381,
	6948144,
	6950953,
	6951036,
	6952549,
	6963196,
	6963208,
	6963544,
	6963590,
	6963744,
	6968155,
	6969707,
	6985374,
	6990143,
	6997809,
	6999662,
	7005183,
	7009776,
	7023979,
	7025644,
	7031892,
	7031898,
	7036263,
	7047399,
	7048677,
	7049308,
	7056197,
	7068166,
	7074951,
	7075993,
	7087737,
	7088188,
	7089678,
	7090079,
	7096925,
	7104519,
	7118685,
	7120525,
	7120849,
	7136864,
	7159456,
	7171044,
	7173797,
	7176327,
	7176801,
	7185734,
	7203862,
	7209132,
	7210376,
	7237747,
	7237755,
	7263686,
	7270913,
	7271345,
	7272985,
	7282055,
	7290912,
	7292766,
	7299073,
	7299524,
	7305335,
	7321466,
	7332275,
	7334442,
	7339782,
	7357956,
	7359587,
	7359695,
	7363158,
	7365271,
	7373241,
	7373603,
	7378886,
	7389602,
	7397875,
	7402539,
	7412236,
	7419922,
	7435678,
	7442138,
	7462387,
	7478708,
	7488450,
	7489174,
	7505524,
	7507583,
	7509496,
	7527909,
	7534944,
	7538599,
	7573843,
	7579471,
	7579477,
	7581155,
	7588195,
	7592011,
	7594958,
	7606471,
	7606538,
	7621769,
	7623350,
	7630150,
	7634591,
	7636954,
	7652243,
	7654827,
	7676652,
	7682654,
	7685518,
	7689033,
	7692568,
	7707478,
	7717074,
	7732079,
	7739080,
	7745935,
	7749749,
	7759255,
	7772560,
	7773235,
	7775662,
	7779226,
	7795154,
	7807200,
	7811042,
	7829812,
	7837565,
	7855133,
	7867425,
	7881498,
	7892843,
	7895580,
	7911898,
	7911915,
	7913466,
	7923529,
	7935058,
	7936203,
	7938586,
	7944737,
	7949071,
	7956938,
	7958639,
	7963714,
	7963727,
	7963728,
	7963730,
	7966125,
	7976984,
	7991501,
	7999926,
	8066289,
	8077745,
	8091355,
	8098274,
	8098484,
	8101480,
	8117451,
	8120181,
	8121684,
	8142857,
	8149037,
	8154811,
	8156461,
	8158344,
	8167411,
	8173433,
	8191086,
	8191287,
	8191940,
	8196908,
	8202896,
	8207206,
	8216661,
	8242921,
	8248275,
	8260522,
	8260899,
	8262202,
	8267882,
	8282739,
	8285510,
	8292841,
	8293703,
	8313225,
	8317163,
	8322895,
	8338783,
	8343818,
	8377388,
	8390281,
	8421907,
	8436980,
	8472372,
	8481305,
	8488510,
	8495046,
	8495295,
	8502000,
	8505190,
	8518435,
	8528205,
	8531112,
	8543743,
	8544676,
	8550980,
	8568265,
	8594638,
	8595984,
	8596894,
	8612714,
	8615848,
	8618787,
	8622690,
	8632795,
	8634640,
	8634703,
	8635868,
	8636086,
	8636101,
	8636151,
	8636186,
	8639238,
	8639765,
	8642328,
	8642464,
	8642792,
	8642800,
	8642833,
	8642860,
	8642898,
	8643302,
	8648997,
	8654049,
	8654050,
	8654052,
	8654053,
	8654055,
	8656843,
	8679169,
	8688056,
	8723098,
	8733240,
	8734620,
	8734629,
	8739327,
	8742377,
	8752110,
	8762332,
	8762611,
	8778207,
	8791311,
	8794765,
	8796110,
	8796162,
	8803851,
	8804711,
	8804791,
	8804929,
	8834079,
	8836115,
	8838034,
	8840226,
	8841749,
	8841787,
	8844635,
	8854403,
	8855173,
	8857326,
	8859863,
	8862873,
	8864789,
	8869599,
	8876503,
	8876979,
	8877191,
	8877465,
	8890036,
	8893579,
	8902446,
	8905854,
	8923831,
	8947968,
	8962873,
	8968684,
	8973822,
	8979610,
	8980330,
	8982613,
	9008735,
	9020415,
	9021183,
	9038093,
	9043615,
	9050564,
	9058553,
	9058557,
	9059495,
	9062927,
	9063400,
	9066760,
	9068762,
	9068835,
	9099597,
	9101678,
	9102050,
	9106680,
	9106821,
	9107237,
	9107380,
	9109777,
	9110841,
	9133518,
	9133971,
	9144224,
	9144272,
	9145569,
	9150169,
	9150513,
	9150633,
	9155858,
	9173398,
	9176422,
	9178005,
	9185205,
	9197911,
	9199927,
	9203047,
	9206547,
	9215800,
	9223233,
	9226338,
	9226342,
	9243999,
	9244409,
	9245310,
	9255437,
	9257259,
	9275244,
	9284171,
	9299419,
	9301031,
	9307171,
	9310619,
	9312497,
	9323896,
	9333997,
	9337518,
	9340854,
	9343261,
	9359162,
	9359293,
	9361967,
	9363279,
	9368265,
	9377708,
	9384482,
	9397169,
	9399735,
	9402847,
	9414539,
	9415268,
	9415451,
	9446534,
	9470966,
	9471935,
	9472165,
	9476472,
	9486650,
	9495111,
	9525175,
	9527537,
	9527632,
	9531171,
	9535084,
	9545557,
	9546308,
	9546325,
	9561701,
	9570800,
	9573680,
	9578238,
	9578343,
	9591773,
	9596273,
	9602251,
	9631676,
	9632904,
	9641614,
	9647154,
	9649622,
	9661119,
	9666712,
	9667938,
	9671056,
	9675804,
	9677028,
	9677469,
	9681905,
	9688311,
	9688450,
	9691112,
	9691552,
	9700089,
	9702532,
	9705943,
	9708240,
	9708801,
	9712040,
	9712114,
	9731481,
	9752110,
	9754705,
	9758368,
	9768402,
	9789362,
	9793556,
	9794885,
	9824486,
	9825417,
	9851290,
	9852525,
	9873785,
	9877414,
	9891776,
	9924510,
	9938032,
	9943001,
	9949367,
	9960999,
	9963325,
	9971014,
	9971299,
	10006767,
	10009619,
	10022733,
	10033497,
	10033830,
	10033893,
	10033906,
	10034313,
	10037760,
	10045644,
	10051849,
	10063109,
	10063280,
	10067643,
	10088943,
	10098059,
	10109473,
	10131634,
	10134190,
	10140737,
	10157720,
	10162661,
	10162662,
	10164253,
	10164621,
	10169869,
	10171132,
	10178082,
	10178924,
	10184999,
	10191916,
	10198729,
	10199452,
	10205016,
	10206856,
	10209890,
	10214996,
	10220101,
	10245776,
	10261424,
	10267299,
	10267528,
	10278854,
	10311624,
	10318387,
	10330497,
	10330814,
	10350355,
	10352153,
	10356368,
	10358312,
	10358387,
	10361427,
	10365683,
	10366338,
	10410561,
	10411781,
	10413471,
	10414212,
	10422116,
	10422730,
	10422749,
	10431918,
	10444043,
	10446819,
	10448951,
	10450164,
	10491943,
	10495540,
	10504554,
	10517345,
	10534616,
	10543470,
	10555065,
	10560909,
	10570686,
	10576899,
	10584203,
	10589629,
	10589648,
	10589650,
	10617129,
	10628078,
	10667270,
	10682108,
	10695664,
	10695675,
	10695682,
	10702771,
	10706341,
	10714438,
	10714793,
	10724006,
	10733989,
	10738321,
	10746709,
	10749641,
	10756731,
	10756782,
	10776662,
	10841173,
	10877606,
	10884935,
	10892581,
	10901624,
	10909420,
	10921253,
	10921255,
	10921275,
	10921307,
	10921315,
	10921317,
	10921331,
	10921342,
	10921359,
	10921364,
	10921374,
	10921409,
	10921436,
	10921471,
	10921475,
	10921478,
	10921481,
	10921486,
	10921490,
	10921500,
	10921503,
	10921510,
	10921513,
	10921516,
	10921523,
	10921532,
	10921541,
	10921544,
	10921555,
	10921571,
	10921576,
	10921596,
	10926960,
	10929601,
	10932289,
	10938209,
	10939569,
	10939621,
	10940416,
	10942137,
	10942848,
	10944510,
	10951315,
	10980480,
	10984949,
	10987171,
	11002708,
	11028081,
	11041862,
	11065483,
	11076279,
	11077935,
	11081874,
	11082063,
	11092194,
	11138020,
	11140567,
	11147009,
	11168330,
	11190665,
	11227858,
	11238113,
	11238317,
	11238342,
	11252260,
	11270170,
	11330111,
	11338954,
	11345824,
	11347008,
	11364529,
	11372514,
	11406964,
	11462124,
	11508837,
	11546138,
	11547067,
	11561736,
	11561885,
	11588114,
	11599393,
	11601558,
	11602845,
	11604368,
	11613259,
	11617748,
	11621698,
	11625286,
	11625331,
	11626623,
	11626631,
	11627032,
	11659396,
	11659403,
	11667473,
	11670218,
	11699888,
	11708372,
	11717895,
	11726254,
	11739084,
	11743894,
	11744027,
	11745083,
	11746892,
	11775727,
	11778236,
	11844104,
	11844132,
	11875554,
	11891332,
	11927785,
	11952803,
	11973373,
	11998919,
	11999186,
	11999293,
	12002162,
	12011838,
	12013684,
	12040926,
	12042184,
	12044880,
	12049230,
	12053667,
	12075874,
	12086153,
	12087467,
	12109766,
	12115625,
	12124265,
	12128887,
	12132856,
	12134321,
	12141712,
	12164632,
	12166041,
	12171169,
	12171251,
	12172421,
	12198983,
	12270586,
	12271932,
	12280594,
	12288555,
	12291017,
	12298737,
	12315539,
	12334525,
	12348868,
	12349653,
	12356225,
	12369240,
	12393657,
	12393661,
	12393683,
	12393765,
	12393777,
	12407548,
	12408532,
	12408827,
	12423490,
	12426952,
	12429282,
	12477107,
	12477312,
	12477678,
	12530037,
	12549675,
	12561015,
	12581218,
	12583584,
	12606710,
	12610202,
	12638138,
	12638390,
	12639029,
	12665211,
	12667441,
	12703564,
	12729489,
	12751118,
	12754817,
	12779114,
	12784031,
	12788928,
	12796135,
	12811975,
	12818824,
	12841647,
	12875362,
	12884403,
	12910750,
	12930281,
	12937542,
	12941114,
	12945612,
	12948131,
	12948160,
	12948163,
	12949635,
	12949740,
	12949741,
	12986483,
	12997009,
	13006939,
	13010651,
	13013014,
	13020530,
	13022774,
	13037023,
	13037080,
	13037103,
	13040722,
	13053072,
	13053294,
	13088509,
	13088878,
	13111157,
	13111239,
	13111866,
	13113829,
	13139182,
	13141495,
	13146496,
	13146499,
	13184521,
	13185272,
	13189430,
	13189732,
	13189945,
	13200013,
	13203026,
	13203047,
	13206009,
	13206598,
	13217158,
	13217452,
	13217505,
	13222519,
	13222755,
	13232086,
	13254706,
	13261530,
	13284458,
	13286475,
	13287380,
	13287452,
	13287466,
	13307197,
	13313850,
	13358465,
	13361452,
	13362197,
	13369356,
	13373071,
	13376691,
	13381031,
	13449607,
	13469219,
	13469918,
	13488585,
	13500499,
	13501021,
	13508153,
	13522207,
	13530717,
	13534173,
	13538837,
	13554540,
	13570016,
	13615979,
	13661277,
	13678080,
	13688688,
	13689653,
	13691412,
	13747479,
	13749629,
	13770427,
	13772020,
	13793150,
	13798326,
	13807417,
	13808771,
	13828397,
	13848934,
	13873799,
	13905398,
	13917381,
	13920117,
	13920329,
	13927558,
	13933571,
	13936432,
	13937825,
	13943163,
	13947709,
	13953590,
	13965829,
	13967550,
	13974749,
	13982348,
	13991643,
	14013322,
	14037573,
	14059031,
	14062689,
	14064776,
	14064778,
	14072892,
	14073426,
	14085190,
	14107920,
	14121462,
	14127661,
	14132338,
	14157578,
	14161231,
	14201777,
	14224727,
	14239832,
	14266824,
	14273281,
	14274278,
	14298065,
	14308422,
	14312894,
	14329647,
	14387385,
	14403068,
	14407555,
	14408604,
	14411883,
	14426764,
	14426880,
	14427621,
	14427629,
	14427653,
	14427657,
	14427663,
	14432798,
	14437891,
	14437966,
	14438304,
	14438559,
	14463210,
	14464321,
	14488237,
	14493698,
	14498857,
	14507722,
	14508083,
	14512291,
	14512827,
	14521452,
	14527873,
	14539085,
	14567379,
	14571917,
	14574596,
	14589699,
	14595210,
	14595276,
	14595430,
	14601065,
	14645899,
	14658043,
	14666809,
	14681079,
	14695980,
	14699331,
	14699866,
	14700182,
	14732667,
	14740501,
	14742894,
	14755630,
	14774586,
	14790497,
	14793757,
	14805049,
	14813322,
	14828911,
	14847986,
	14850539,
	14856619,
	14871102,
	14880927,
	14884016,
	14894727,
	14910277,
	14926397,
	14936888,
	14941280,
	14943860,
	14944725,
	14964797,
	14982737,
	14992517,
	14997871,
	14999045,
	15007356,
	15010657,
	15012640,
	15029146,
	15029180,
	15029341,
	15029848,
	15032255,
	15108615,
	15109491,
	15128677,
	15145305,
	15155505,
	15165152,
	15165880,
	15177028,
	15177737,
	15183570,
	15187555,
	15191356,
	15220276,
	15222442,
	15233899,
	15234594,
	15234830,
	15239665,
	15243573,
	15245112,
	15245545,
	15247952,
	15259079,
	15272184,
	15287348,
	15295713,
	15303489,
	15304544,
	15305275,
	15307633,
	15313355,
	15320461,
	15335778,
	15340659,
	15342423,
	15355325,
	15357987,
	15372247,
	15379927,
	15382121,
	15392665,
	15393355,
	15393467,
	15408561,
	15414268,
	15417907,
	15418219,
	15420349,
	15428461,
	15439755,
	15453609,
	15470224,
	15473598,
	15484112,
	15491787,
	15505207,
	15521263,
	15524509,
	15556340,
	15571346,
	15576001,
	15582117,
	15594374,
	15600709,
	15608508,
	15608929,
	15609931,
	15671458,
	15686136,
	15698616,
	15713986,
	15725943,
	15726238,
	15735692,
	15740391,
	15740576,
	15746521,
	15746599,
	15748294,
	15761019,
	15762062,
	15762454,
	15764108,
	15806998,
	15829106,
	15833779,
	15845047,
	15856632,
	15858796,
	15868701,
	15873283,
	15878695,
	15880838,
	15882656,
	15889310,
	15891417,
	15906756,
	15911500,
	15923967,
	15937222,
	15940272,
	15941846,
	15948002,
	15948771,
	15968757,
	15988594,
	16000921,
	16030739,
	16047706,
	16060014,
	16081893,
	16085314,
	16088899,
	16100942,
	16134947,
	16140831,
	16142167,
	16161443,
	16162021,
	16164081,
	16176847,
	16179920,
	16184326,
	16186443,
	16189399,
	16189501,
	16190926,
	16195134,
	16199876,
	16215758,
	16224125,
	16246222,
	16251341,
	16254057,
	16255749,
	16262037,
	16276213,
	16276319,
	16276355,
	16276500,
	16300243,
	16318119,
	16320882,
	16342832,
	16352577,
	16381678,
	16382563,
	16391700,
	16394154,
	16394240,
	16395619,
	16417188,
	16431010,
	16433554,
	16438444,
	16479574,
	16483977,
	16493699,
	16545251,
	16554596,
	16559091,
	16562662,
	16570904,
	16595453,
	16602852,
	16614578,
	16632918,
	16654321,
	16680716,
	16685485,
	16686463,
	16694986,
	16702896,
	16717247,
	16721369,
	16724975,
	16725094,
	16729185,
	16737282,
	16737355,
	16744480,
	16746138,
	16754602,
	16759059,
	16765920,
	16810425,
	16827987,
	16829385,
	16839300,
	16839388,
	16846655,
	16870091,
	16884801,
	16885554,
	16895558,
	16898583,
	16899249,
	16901131,
	16921958,
	16924927,
	16925257,
	16925267,
	16925278,
	16930546,
	16932350,
	16939114,
	16965308,
	17003125,
	17009803,
	17014790,
	17022438,
	17022518,
	17032036,
	17041032,
	17088643,
	17088659,
	17097305,
	17103394,
	17111051,
	17111192,
	17117812,
	17127746,
	17130812,
	17133128,
	17137845,
	17140560,
	17140607,
	17150426,
	17171362,
	17176078,
	17187651,
	17193347,
	17194222,
	17200080,
	17206022,
	17206653,
	17217200,
	17236473,
	17289854,
	17295627,
	17317078,
	17322423,
	17324687,
	17357080,
	17357506,
	17362412,
	17369562,
	17374506,
	17384061,
	17388288,
	17413691,
	17416795,
	17416911,
	17422916,
	17422921,
	17427063,
	17447658,
	17464234,
	17497121,
	17497890,
	17503536,
	17503751,
	17521313,
	17550654,
	17553095,
	17554743,
	17570719,
	17579702,
	17588201,
	17588707,
	17602600,
	17607022,
	17613197,
	17629057,
	17639978,
	17646311,
	17647634,
	17665463,
	17699170,
	17706941,
	17707790,
	17720308,
	17739631,
	17739637,
	17739639,
	17739643,
	17739650,
	17741951,
	17770996,
	17784915,
	17796994,
	17826571,
	17826747,
	17826748,
	17830451,
	17837706,
	17841938,
	17845143,
	17858991,
	17859897,
	17860393,
	17861553,
	17865995,
	17866630,
	17871351,
	17880845,
	17888875,
	17895508,
	17918707,
	17956604,
	17958720,
	17999163,
	17999204,
	18005477,
	18006263,
	18007208,
	18037259,
	18044770,
	18050873,
	18050937,
	18051343,
	18053207,
	18053244,
	18053481,
	18057271,
	18066854,
	18068327,
	18101937,
	18102287,
	18105295,
	18105340,
	18105533,
	18105595,
	18105643,
	18105783,
	18105800,
	18105817,
	18105982,
	18106053,
	18106059,
	18106117,
	18106125,
	18106173,
	18106258,
	18106271,
	18106287,
	18106341,
	18106371,
	18106403,
	18106404,
	18106407,
	18106785,
	18106866,
	18107019,
	18107093,
	18107133,
	18107242,
	18107266,
	18107283,
	18107451,
	18107576,
	18107611,
	18107964,
	18107973,
	18108007,
	18108066,
	18108262,
	18108308,
	18108468,
	18108546,
	18108565,
	18108779,
	18109147,
	18109188,
	18109516,
	18109609,
	18109611,
	18109621,
	18109631,
	18109638,
	18109664,
	18109708,
	18109990,
	18110173,
	18110215,
	18110219,
	18110288,
	18110465,
	18110501,
	18110519,
	18110804,
	18111187,
	18111224,
	18111505,
	18111561,
	18111611,
	18111799,
	18111922,
	18112115,
	18112137,
	18112159,
	18112214,
	18112365,
	18112370,
	18112425,
	18112717,
	18112721,
	18112737,
	18112836,
	18112895,
	18113066,
	18113348,
	18113418,
	18113608,
	18113649,
	18113849,
	18114039,
	18114096,
	18114105,
	18114155,
	18114159,
	18114191,
	18114365,
	18115208,
	18115764,
	18115814,
	18115971,
	18122417,
	18122420,
	18122428,
	18122438,
	18122442,
	18122446,
	18122448,
	18122467,
	18122554,
	18122762,
	18123005,
	18123131,
	18123499,
	18123534,
	18123535,
	18123536,
	18123546,
	18123573,
	18123575,
	18123576,
	18123579,
	18123580,
	18123582,
	18123608,
	18123626,
	18123627,
	18123645,
	18123656,
	18123695,
	18123819,
	18123934,
	18124040,
	18124853,
	18124855,
	18124874,
	18125231,
	18125588,
	18125590,
	18125591,
	18125594,
	18125595,
	18125597,
	18125598,
	18125599,
	18125601,
	18125627,
	18125860,
	18126035,
	18126053,
	18126082,
	18127039,
	18127717,
	18128515,
	18128867,
	18128994,
	18129316,
	18129491,
	18129686,
	18129814,
	18129964,
	18129982,
	18130428,
	18130850,
	18130885,
	18131193,
	18131808,
	18131812,
	18131817,
	18131820,
	18131825,
	18131828,
	18131830,
	18131832,
	18131835,
	18131843,
	18131847,
	18131848,
	18131849,
	18131854,
	18131856,
	18139934,
	18140027,
	18140337,
	18140343,
	18140365,
	18140368,
	18140371,
	18140372,
	18140386,
	18140394,
	18140580,
	18141149,
	18141330,
	18141404,
	18141406,
	18141407,
	18141409,
	18141581,
	18142552,
	18142763,
	18142780,
	18142987,
	18143209,
	18143784,
	18143981,
	18144082,
	18144085,
	18144086,
	18144089,
	18144090,
	18144296,
	18144754,
	18144959,
	18145618,
	18145622,
	18145626,
	18179550,
	18180154,
	18180203,
	18180210,
	18192985,
	18195583,
	18200643,
	18203330,
	18208548,
	18212860,
	18216809,
	18223981,
	18258421,
	18273270,
	18293038,
	18305330,
	18339906,
	18343618,
	18369017,
	18374243,
	18379864,
	18388541,
	18394627,
	18406807,
	18415888,
	18431065,
	18435718,
	18438526,
	18445050,
	18445731,
	18445938,
	18445980,
	18451327,
	18454032,
	18457137,
	18464241,
	18480712,
	18493552,
	18498502,
	18500436,
	18513819,
	18518610,
	18531304,
	18539400,
	18547138,
	18550912,
	18556573,
	18566713,
	18572796,
	18581559,
	18582683,
	18602409,
	18608859,
	18613520,
	18632976,
	18656630,
	18658119,
	18661728,
	18664336,
	18666580,
	18677818,
	18678251,
	18681901,
	18698674,
	18706889,
	18706924,
	18706958,
	18706971,
	18707002,
	18707014,
	18723727,
	18736044,
	18738583,
	18750413,
	18758889,
	18828090,
	18901445,
	18938226,
	18949491,
	18950003,
	18975386,
	18975920,
	18975976,
	18975982,
	18975997,
	18976050,
	18976063,
	18976114,
	18976457,
	18976517,
	18977094,
	18977599,
	18977689,
	18977710,
	18977727,
	18977729,
	18977743,
	18977764,
	18977781,
	18977784,
	18977793,
	18977796,
	18977798,
	18977803,
	18977835,
	18977836,
	18977843,
	18977856,
	18977859,
	18977875,
	18977881,
	18977887,
	18977909,
	18977923,
	18977924,
	18977930,
	18977932,
	18978571,
	18978932,
	18987384,
	19006979,
	19010159,
	19011002,
	19041844,
	19085966,
	19123204,
	19134010,
	19135228,
	19135650,
	19150350,
	19161823,
	19177278,
	19220341,
	19243446,
	19246828,
	19251595,
	19253381,
	19265198,
	19267500,
	19280651,
	19283806,
	19313640,
	19315480,
	19319012,
	19323610,
	19323638,
	19323641,
	19323678,
	19323692,
	19323710,
	19323718,
	19323885,
	19328042,
	19334059,
	19385535,
	19399383,
	19399391,
	19403278,
	19403954,
	19405516,
	19412501,
	19419888,
	19429132,
	19450062,
	19451011,
	19455870,
	19466355,
	19469142,
	19479127,
	19479258,
	19479264,
	19479265,
	19479281,
	19479283,
	19479679,
	19480294,
	19492017,
	19498055,
	19498174,
	19508818,
	19510336,
	19522420,
	19535717,
	19535719,
	19535733,
	19535930,
	19539723,
	19540482,
	19544100,
	19554182,
	19557926,
	19560245,
	19569691,
	19591353,
	19592784,
	19599861,
	19612860,
	19622244,
	19646927,
	19680608,
	19680617,
	19724948,
	19731554,
	19769681,
	19785166,
	19785763,
	19785783,
	19785784,
	19800632,
	19801436,
	19801719,
	19813943,
	19824102,
	19826737,
	19835728,
	19898022,
	19898054,
	19911339,
	19919149,
	19924618,
	19928536,
	19933461,
	19940258,
	19951028,
	19953510,
	19974894,
	19978895,
	20025314,
	20025351,
	20031841,
	20048070,
	20048358,
	20049668,
	20052037,
	20082671,
	20082875,
	20096075,
	20097666,
	20107478,
	20108644,
	20109677,
	20123977,
	20131183,
	20136062,
	20153905,
	20170372,
	20183521,
	20188659,
	20197613,
	20200347,
	20206459,
	20213598,
	20213606,
	20213611,
	20221641,
	20259133,
	20272811,
	20301847,
	20304459,
	20327832,
	20329787,
	20347152,
	20347487,
	20395872,
	20397833,
	20401949,
	20429863,
	20461817,
	20467668,
	20467884,
	20468542,
	20479122,
	20525354,
	20543102,
	20561461,
	20570175,
	20595068,
	20607497,
	20618843,
	20647724,
	20650672,
	20685060,
	20713894,
	20742244,
	20768249,
	20774423,
	20800509,
	20818403,
	20819526,
	20828045,
	20840925,
	20842043,
	20845228,
	20847244,
	20899881,
	20906921,
	20909708,
	20924040,
	20929909,
	20967878,
	20967886,
	20969292,
	20977112,
	20981975,
	20986307,
	20999355,
	21070830,
	21083508,
	21087474,
	21100497,
	21119293,
	21132296,
	21134273,
	21136791,
	21141871,
	21145225,
	21153984,
	21159465,
	21172290,
	21174562,
	21179658,
	21184799,
	21208363,
	21222271,
	21225178,
	21236702,
	21240409,
	21258902,
	21265582,
	21266556,
	21274620,
	21281430,
	21291599,
	21292910,
	21297870,
	21304188,
	21314388,
	21329414,
	21337843,
	21347024,
	21347259,
	21347562,
	21347643,
	21369760,
	21374957,
	21389778,
	21400997,
	21402701,
	21407740,
	21409685,
	21436464,
	21455630,
	21455634,
	21455653,
	21477689,
	21492980,
	21514648,
	21553915,
	21553937,
	21554797,
	21554807,
	21554830,
	21554832,
	21555506,
	21555985,
	21556015,
	21556061,
	21556098,
	21556129,
	21556141,
	21556155,
	21603325,
	21603656,
	21606734,
	21607944,
	21620829,
	21647820,
	21677174,
	21704793,
	21721373,
	21723428,
	21725905,
	21729430,
	21734169,
	21748363,
	21749661,
	21781889,
	21787733,
	21808623,
	21808679,
	21809162,
	21809264,
	21820810,
	21844903,
	21867583,
	21869692,
	21873907,
	21880373,
	21885894,
	21898967,
	21900571,
	21901407,
	21902414,
	21920713,
	21928216,
	21928661,
	21933716,
	21960637,
	21973513,
	21976906,
	21984580,
	21985649,
	21985653,
	22020420,
	22036042,
	22036530,
	22038661,
	22063657,
	22067976,
	22076249,
	22088592,
	22089430,
	22089957,
	22098075,
	22106382,
	22112521,
	22112971,
	22115388,
	22165552,
	22209086,
	22232683,
	22236684,
	22292809,
	22307652,
	22310841,
	22357266,
	22357447,
	22361326,
	22364180,
	22376982,
	22380119,
	22422719,
	22442779,
	22477635,
	22482840,
	22485317,
	22515867,
	22529291,
	22533654,
	22547607,
	22551056,
	22551448,
	22594889,
	22613689,
	22613831,
	22618279,
	22653656,
	22655809,
	22656139,
	22668388,
	22669405,
	22675402,
	22676532,
	22682328,
	22682336,
	22682340,
	22682345,
	22682351,
	22682358,
	22682363,
	22682374,
	22682379,
	22682385,
	22682389,
	22682400,
	22682401,
	22690167,
	22700191,
	22729689,
	22729830,
	22732581,
	22732907,
	22739221,
	22778559,
	22780306,
	22783379,
	22793210,
	22830084,
	22830999,
	22843622,
	22849163,
	22852435,
	22852896,
	22864620,
	22890431,
	22911770,
	22971483,
	22978262,
	23009698,
	23034063,
	23074728,
	23078142,
	23101335,
	23111782,
	23112918,
	23129709,
	23129711,
	23133776,
	23146180,
	23156862,
	23159949,
	23191485,
	23194121,
	23202091,
	23212908,
	23214157,
	23234097,
	23238471,
	23241092,
	23245410,
	23252763,
	23258413,
	23258567,
	23261378,
	23261512,
	23265145,
	23274584,
	23287641,
	23311797,
	23333882,
	23374019,
	23375282,
	23376430,
	23407872,
	23440076,
	23443424,
	23447701,
	23457271,
	23463293,
	23475198,
	23501895,
	23517203,
	23532187,
	23557932,
	23565328,
	23571222,
	23573478,
	23576558,
	23586863,
	23588729,
	23594101,
	23603967,
	23608340,
	23615138,
	23615139,
	23616493,
	23623774,
	23636622,
	23689924,
	23693507,
	23696910,
	23701434,
	23711356,
	23711357,
	23711359,
	23711360,
	23711363,
	23711560,
	23719790,
	23746149,
	23752820,
	23757033,
	23778193,
	23818735,
	23831590,
	23835165,
	23862379,
	23914457,
	23932522,
	23933404,
	23938336,
	23945039,
	23960766,
	23973458,
	23981681,
	23982588,
	24021613,
	24037370,
	24037510,
	24056479,
	24072775,
	24079217,
	24084676,
	24095138,
	24108986,
	24111431,
	24111604,
	24127359,
	24136620,
	24144345,
	24158515,
	24182176,
	24199877,
	24230277,
	24238306,
	24245979,
	24257212,
	24258151,
	24274327,
	24290027,
	24305829,
	24311808,
	24318759,
	24335581,
	24336906,
	24341664,
	24352886,
	24371979,
	24374437,
	24378000,
	24378774,
	24378855,
	24381773,
	24384041,
	24405320,
	24430983,
	24443300,
	24444916,
	24451306,
	24455276,
	24493274,
	24495577,
	24496388,
	24496700,
	24497246,
	24513401,
	24533777,
	24535593,
	24563396,
	24584781,
	24609830,
	24626712,
	24627602,
	24627694,
	24645638,
	24706355,
	24707462,
	24711516,
	24716357,
	24721578,
	24753048,
	24753362,
	24757846,
	24763573,
	24770148,
	24775031,
	24790853,
	24807553,
	24813787,
	24814071,
	24814260,
	24815082,
	24815228,
	24820425,
	24831004,
	24831629,
	24836568,
	24837598,
	24842933,
	24874851,
	24887135,
	24888059,
	24889865,
	24917973,
	24918002,
	24918004,
	24918406,
	24918640,
	24932147,
	24944443,
	24954784,
	24955978,
	24964130,
	24965610,
	24974629,
	24976491,
	24985552,
	24985576,
	24998600,
	24998622,
	25051576,
	25056357,
	25057044,
	25063781,
	25063975,
	25108580,
	25116986,
	25150819,
	25151760,
	25160787,
	25169063,
	25175182,
	25194616,
	25200387,
	25215062,
	25225362,
	25226243,
	25231295,
	25248370,
	25264548,
	25268909,
	25274482,
	25288694,
	25299252,
	25308321,
	25319841,
	25324132,
	25343547,
	25349430,
	25362145,
	25377114,
	25387567,
	25394951,
	25397969,
	25411215,
	25424499,
	25447186,
	25449906,
	25471166,
	25475760,
	25486667,
	25502248,
	25504581,
	25509949,
	25520081,
	25520517,
	25527766,
	25536166,
	25548855,
	25564761,
	25570647,
	25571898,
	25576126,
	25587095,
	25588482,
	25593051,
	25594498,
	25597675,
	25636398,
	25644035,
	25644851,
	25672854,
	25687826,
	25702584,
	25712073,
	25752862,
	25755766,
	25817692,
	25869175,
	25881163,
	25886972,
	25891890,
	25892039,
	25933619,
	25961456,
	25962933,
	25970423,
	25970620,
	25970641,
	25970897,
	25971142,
	25980572,
	25995375,
	25998317,
	26016735,
	26017870,
	26022944,
	26041833,
	26067433,
	26067615,
	26071176,
	26084660,
	26086272,
	26098872,
	26099252,
	26114435,
	26114711,
	26121927,
	26123731,
	26165338,
	26181271,
	26201963,
	26208951,
	26208955,
	26208974,
	26208980,
	26208990,
	26208996,
	26209031,
	26246088,
	26248219,
	26256495,
	26258287,
	26275983,
	26276724,
	26279269,
	26287416,
	26295587,
	26328565,
	26331630,
	26393207,
	26415789,
	26434368,
	26438194,
	26447579,
	26467555,
	26478234,
	26478243,
	26478247,
	26478255,
	26478258,
	26478261,
	26478266,
	26478280,
	26478305,
	26478310,
	26478316,
	26478321,
	26478329,
	26478349,
	26478353,
	26478355,
	26478358,
	26478592,
	26478598,
	26478604,
	26478625,
	26478630,
	26492682,
	26500125,
	26504982,
	26505414,
	26513856,
	26517200,
	26533909,
	26553938,
	26567859,
	26568857,
	26607885,
	26611887,
	26633411,
	26643308,
	26643309,
	26687769,
	26687805,
	26707766,
	26717909,
	26722322,
	26723748,
	26741345,
	26770875,
	26773101,
	26779941,
	26813173,
	26825287,
	26831632,
	26832561,
	26861582,
	26876895,
	26888417,
	26888483,
	26889714,
	26900599,
	26931601,
	26957567,
	26972411,
	27049567,
	27067758,
	27067788,
	27083632,
	27097923,
	27129161,
	27143433,
	27145135,
	27145145,
	27145160,
	27145162,
	27145166,
	27172704,
	27173831,
	27180214,
	27237321,
	27246534,
	27256141,
	27256152,
	27256158,
	27256194,
	27256200,
	27256220,
	27256226,
	27256230,
	27256276,
	27256289,
	27256332,
	27256423,
	27256543,
	27256555,
	27256629,
	27256638,
	27256660,
	27256673,
	27256674,
	27256724,
	27256736,
	27256745,
	27256779,
	27256823,
	27256881,
	27256928,
	27262138,
	27262142,
	27262145,
	27262147,
	27262151,
	27262155,
	27262165,
	27262167,
	27262170,
	27262183,
	27262186,
	27262200,
	27262212,
	27262214,
	27262219,
	27262229,
	27262233,
	27268440,
	27268505,
	27268514,
	27268525,
	27268530,
	27268546,
	27268551,
	27268581,
	27268585,
	27268590,
	27268600,
	27268646,
	27268681,
	27268697,
	27268734,
	27268746,
	27268754,
	27268757,
	27268767,
	27268771,
	27268798,
	27268805,
	27268820,
	27268827,
	27268846,
	27268864,
	27268866,
	27268877,
	27269066,
	27269089,
	27269096,
	27269442,
	27269447,
	27269449,
	27269492,
	27269496,
	27269497,
	27269499,
	27269508,
	27269510,
	27269512,
	27269562,
	27269563,
	27269569,
	27269572,
	27269577,
	27269597,
	27269600,
	27269630,
	27269640,
	27269644,
	27269648,
	27269654,
	27269686,
	27269691,
	27269698,
	27269744,
	27269770,
	27269772,
	27269781,
	27269782,
	27269785,
	27269787,
	27269824,
	27269825,
	27269832,
	27269834,
	27269841,
	27269843,
	27269862,
	27269869,
	27269878,
	27269881,
	27269889,
	27269896,
	27269906,
	27269937,
	27269966,
	27270097,
	27270110,
	27270123,
	27270124,
	27270137,
	27270145,
	27270146,
	27270161,
	27270172,
	27270177,
	27270180,
	27270201,
	27272030,
	27272031,
	27272033,
	27272035,
	27272036,
	27272040,
	27272042,
	27272044,
	27272047,
	27272050,
	27272051,
	27272054,
	27272057,
	27272058,
	27272061,
	27272062,
	27272066,
	27272069,
	27272070,
	27272071,
	27272072,
	27272074,
	27272076,
	27272078,
	27272080,
	27272081,
	27272083,
	27272085,
	27272087,
	27272090,
	27272093,
	27272097,
	27272100,
	27272102,
	27272103,
	27272109,
	27272110,
	27272113,
	27272117,
	27272119,
	27272120,
	27272121,
	27272122,
	27272125,
	27272126,
	27272127,
	27272128,
	27272129,
	27272133,
	27272136,
	27272137,
	27272138,
	27272140,
	27272142,
	27272143,
	27272144,
	27272146,
	27272150,
	27272152,
	27272153,
	27272154,
	27272155,
	27272156,
	27272157,
	27272160,
	27272163,
	27272167,
	27272168,
	27272169,
	27272170,
	27272171,
	27272174,
	27272176,
	27272177,
	27272178,
	27272179,
	27272181,
	27272182,
	27272184,
	27272185,
	27272187,
	27272188,
	27272190,
	27272191,
	27272194,
	27272197,
	27272199,
	27272203,
	27272205,
	27272206,
	27272209,
	27272211,
	27272212,
	27272213,
	27272214,
	27272216,
	27272217,
	27272218,
	27272219,
	27272221,
	27272222,
	27272223,
	27272226,
	27272227,
	27272228,
	27272230,
	27272232,
	27272237,
	27272242,
	27272249,
	27272251,
	27272253,
	27272273,
	27272279,
	27272281,
	27272304,
	27272307,
	27272311,
	27272314,
	27272317,
	27272318,
	27272322,
	27272336,
	27272337,
	27272338,
	27272347,
	27272360,
	27272367,
	27272383,
	27272407,
	27272409,
	27272413,
	27272436,
	27272451,
	27272454,
	27272458,
	27272460,
	27272498,
	27272499,
	27272504,
	27272509,
	27272510,
	27272513,
	27272517,
	27272528,
	27272531,
	27272537,
	27272538,
	27272539,
	27272552,
	27272559,
	27272563,
	27272573,
	27272602,
	27272606,
	27272614,
	27272618,
	27272619,
	27272633,
	27272634,
	27272635,
	27272636,
	27272641,
	27272650,
	27272652,
	27272653,
	27272654,
	27272656,
	27272658,
	27272659,
	27272675,
	27272677,
	27272684,
	27272686,
	27272689,
	27272690,
	27272691,
	27272692,
	27272696,
	27272709,
	27272710,
	27272717,
	27272722,
	27272724,
	27272735,
	27272738,
	27272740,
	27272745,
	27272749,
	27272762,
	27272772,
	27272774,
	27272777,
	27272784,
	27272790,
	27272791,
	27272792,
	27272794,
	27272795,
	27272796,
	27272797,
	27272800,
	27272801,
	27272806,
	27272807,
	27272811,
	27272812,
	27272813,
	27272815,
	27272818,
	27272820,
	27272821,
	27272837,
	27272839,
	27272840,
	27272859,
	27272879,
	27272883,
	27272885,
	27272891,
	27272892,
	27272898,
	27272903,
	27272910,
	27272914,
	27272919,
	27272922,
	27272923,
	27272925,
	27272928,
	27272932,
	27272935,
	27272936,
	27272941,
	27272942,
	27272943,
	27272956,
	27272960,
	27272964,
	27272969,
	27272971,
	27272973,
	27272981,
	27272987,
	27272990,
	27273009,
	27273012,
	27273056,
	27273063,
	27273071,
	27273077,
	27273088,
	27273091,
	27273126,
	27273128,
	27273130,
	27273135,
	27273136,
	27273142,
	27273143,
	27273152,
	27273155,
	27273156,
	27273181,
	27273185,
	27273193,
	27273198,
	27273219,
	27273233,
	27273237,
	27273238,
	27273256,
	27273274,
	27273275,
	27273295,
	27273302,
	27273316,
	27273321,
	27273351,
	27273353,
	27273362,
	27273376,
	27273377,
	27273378,
	27273383,
	27273398,
	27273400,
	27273402,
	27273403,
	27273404,
	27273407,
	27273411,
	27273413,
	27273415,
	27273417,
	27273421,
	27273422,
	27273425,
	27273428,
	27273431,
	27273435,
	27273436,
	27273438,
	27273439,
	27273443,
	27273447,
	27273450,
	27273453,
	27273457,
	27287692,
	27287723,
	27288112,
	27355700,
	27362507,
	27376927,
	27440484,
	27441352,
	27465713,
	27480398,
	27486555,
	27491878,
	27493230,
	27493244,
	27493253,
	27493260,
	27498476,
	27498543,
	27507016,
	27508986,
	27536106,
	27586308,
	27586310,
	27586312,
	27586313,
	27586315,
	27586317,
	27586319,
	27586322,
	27591239,
	27591241,
	27591244,
	27591246,
	27591247,
	27591249,
	27591250,
	27601824,
	27601828,
	27611065,
	27622886,
	27634561,
	27634874,
	27634877,
	27636419,
	27642581,
	27644158,
	27650756,
	27653752,
	27671852,
	27676736,
	27706210,
	27725447,
	27725907,
	27725978,
	27732145,
	27752090,
	27761763,
	27764073,
	27769500,
	27769502,
	27770508,
	27770513,
	27772705,
	27775316,
	27795955,
	27804975,
	27814109,
	27823474,
	27865748,
	27865749,
	27865750,
	27865763,
	27867415,
	27867416,
	27867417,
	27867418,
	27867419,
	27872830,
	27875759,
	27895935,
	27899027,
	27903172,
	27906755,
	27937067,
	27954483,
	27956459,
	27961499,
	27970126,
	27970146,
	27983215,
	28005356,
	28013773,
	28025202,
	28027524,
	28029860,
	28032798,
	28044944,
	28068835,
	28069135,
	28081377,
	28089794,
	28090137,
	28093209,
	28098760,
	28103063,
	28105969,
	28111568,
	28112971,
	28121094,
	28126707,
	28127840,
	28129823,
	28133988,
	28134280,
	28135548,
	28148078,
	28153134,
	28162148,
	28165454,
	28169079,
	28180268,
	28182580,
	28196032,
	28201984,
	28207993,
	28209178,
	28221432,
	28224349,
	28236240,
	28236928,
	28238375,
	28250305,
	28278399,
	28279256,
	28284493,
	28285939,
	28294319,
	28301582,
	28302590,
	28308938,
	28326457,
	28330279,
	28331472,
	28336507,
	28342332,
	28358566,
	28370813,
	28379477,
	28383913,
	28392156,
	28399223,
	28401197,
	28408127,
	28408928,
	28410601,
	28423262,
	28428949,
	28429961,
	28452016,
	28524130,
	28525144,
	28525224,
	28558866,
	28573548,
	28605733,
	28626070,
	28632212,
	28653786,
	28666657,
	28667004,
	28674564,
	28681654,
	28686323,
	28690734,
	28695308,
	28700537,
	28706351,
	28710201,
	28713255,
	28719743,
	28738592,
	28738964,
	28741998,
	28742634,
	28743508,
	28761822,
	28763087,
	28769705,
	28774361,
	28787993,
	28813456,
	28827648,
	28834605,
	28873916,
	28891045,
	28910352,
	28928739,
	29004456,
	29047679,
	29047726,
	29061743,
	29138185,
	29142386,
	29166225,
	29180490,
	29245805,
	29270505,
	29274835,
	29295293,
	29313441,
	29320803,
	29365568,
	29368554,
	29384238,
	29443943,
	29456483,
	29473391,
	29481573,
	29527167,
	29528355,
	29549703,
	29554641,
	29557520,
	29593019,
	29595901,
	29640627,
	29657765,
	29657893,
	29701294,
	29722494,
	29726756,
	29757504,
	29764328,
	29785180,
	29822812,
	29850473,
	30000585,
	30001636,
	30005995,
	30006067,
	30037944,
	30052934,
	30071740,
	30072252,
	30073947,
	30118942,
	30118949,
	30118954,
	30149919,
	30165571,
	30198841,
	30209619,
	30215596,
	30228954,
	30238542,
	30250873,
	30265449,
	30330170,
	30345374,
	30350942,
	30391157,
	30409259,
	30425059,
	30427110,
	30427111,
	30427148,
	30427150,
	30427178,
	30427539,
	30471614,
	30485345,
	30497591,
	30507154,
	30522459,
	30546451,
	30581081,
	30602955,
	30607503,
	30667732,
	30671372,
	30673365,
	30686442,
	30713450,
	30760831,
	30797574,
	30803935,
	30810893,
	30816182,
	30817203,
	30818626,
	30826257,
	30843968,
	30857681,
	30873011,
	30880867,
	30927908,
	30937238,
	30956336,
	30981294,
	30985927,
	30989776,
	30993810,
	31020863,
	31026315,
	31034526,
	31037620,
	31040651,
	31062120,
	31080029,
	31094370,
	31109479,
	31127165,
	31135545,
	31157614,
	31168288,
	31198132,
	31225797,
	31285159,
	31314394,
	31319830,
	31331652,
	31350029,
	31370082,
	31380738,
	31396771,
	31410181,
	31438122,
	31438578,
	31478671,
	31490931,
	31494033,
	31552415,
	31552430,
	31579796,
	31589132,
	31598036,
	31611621,
	31621943,
	31659125,
	31668977,
	31670037,
	31670819,
	31740462,
	31747236,
	31775043,
	31804341,
	31815512,
	31816517,
	31822833,
	31831664,
	31842461,
	31876698,
	31881155,
	31881656,
	31884571,
	31897420,
	31902068,
	31923957,
	31924576,
	31941849,
	31942359,
	31943128,
	31946134,
	31960194,
	31964370,
	31980226,
	31993764,
	32001451,
	32003582,
	32021102,
	32078032,
	32096314,
	32123499,
	32127275,
	32141877,
	32142616,
	32146313,
	32154839,
	32162563,
	32163344,
	32170207,
	32178929,
	32180866,
	32182776,
	32182920,
	32183000,
	32236536,
	32240813,
	32265628,
	32284957,
	32298692,
	32304713,
	32322882,
	32327247,
	32329847,
	32335673,
	32368997,
	32379211,
	32386919,
	32402949,
	32414816,
	32418342,
	32444395,
	32453964,
	32466446,
	32467768,
	32472623,
	32472625,
	32473729,
	32478989,
	32482210,
	32579606,
	32594448,
	32621815,
	32651490,
	32656460,
	32678862,
	32685320,
	32695873,
	32715915,
	32725034,
	32736310,
	32743820,
	32804975,
	32806824,
	32846986,
	32853788,
	32865922,
	32873977,
	32883575,
	32884581,
	32900110,
	32912514,
	32913328,
	32918543,
	32919015,
	32924258,
	32936586,
	32938205,
	32950783,
	32972276,
	32994721,
	32997719,
	33012281,
	33019657,
	33032415,
	33113443,
	33125312,
	33126545,
	33127221,
	33159466,
	33184228,
	33191642,
	33192557,
	33194512,
	33196920,
	33204534,
	33211526,
	33214535,
	33227539,
	33244059,
	33249476,
	33259286,
	33264144,
	33266911,
	33269949,
	33270406,
	33296872,
	33304644,
	33304646,
	33308200,
	33314431,
	33317045,
	33318923,
	33321624,
	33321631,
	33322645,
	33322750,
	33324800,
	33325917,
	33331700,
	33333082,
	33344840,
	33346412,
	33348283,
	33348285,
	33348288,
	33350146,
	33352331,
	33353066,
	33356738,
	33357995,
	33360889,
	33364065,
	33364291,
	33384456,
	33393688,
	33394945,
	33401133,
	33405405,
	33412058,
	33419877,
	33428128,
	33428137,
	33430477,
	33438653,
	33451641,
	33452189,
	33460529,
	33475275,
	33479494,
	33481949,
	33483996,
	33486306,
	33501206,
	33510606,
	33514475,
	33515530,
	33523913,
	33536247,
	33560553,
	33564971,
	33568260,
	33581697,
	33588580,
	33592106,
	33592458,
	33597914,
	33615600,
	33619581,
	33620710,
	33622119,
	33650886,
	33651949,
	33675047,
	33679618,
	33700287,
	33726354,
	33727638,
	33741497,
	33743749,
	33754670,
	33756155,
	33768889,
	33780034,
	33792049,
	33794378,
	33822314,
	33826848,
	33829054,
	33835230,
	33842699,
	33856982,
	33863815,
	33899501,
	33899515,
	33901138,
	33909134,
	33919091,
	33934408,
	33939470,
	33951256,
	33957332,
	33972732,
	33975182,
	33975437,
	33986468,
	33996133,
	34000271,
	34001242,
	34001290,
	34002034,
	34005773,
	34005785,
	34005795,
	34005799,
	34016872,
	34036844,
	34046549,
	34048524,
	34056437,
	34066284,
	34066752,
	34083156,
	34091360,
	34101000,
	34112973,
	34138957,
	34146358,
	34154092,
	34155657,
	34156209,
	34165741,
	34172264,
	34173628,
	34176595,
	34189103,
	34208556,
	34211684,
	34214833,
	34223350,
	34240047,
	34248661,
	34279742,
	34288815,
	34293915,
	34303196,
	34303992,
	34309606,
	34312277,
	34312452,
	34313418,
	34313572,
	34320165,
	34320532,
	34321502,
	34335331,
	34357781,
	34360474,
	34364427,
	34364430,
	34365178,
	34379324,
	34387592,
	34401296,
	34403338,
	34404320,
	34406660,
	34407517,
	34410992,
	34411913,
	34415519,
	34422631,
	34425002,
	34441636,
	34452923,
	34455317,
	34539535,
	34563367,
	34564844,
	34586463,
	34592254,
	34604560,
	34629985,
	34630207,
	34662828,
	34701439,
	34701541,
	34701551,
	34702448,
	34709179,
	34724316,
	34738022,
	34758939,
	34759984,
	34762048,
	34776700,
	34788303,
	34810194,
	34810951,
	34822584,
	34831319,
	34844018,
	34872135,
	34886549,
	34924819,
	34937696,
	34946669,
	34947196,
	34949973,
	34965669,
	34970416,
	34984839,
	34985201,
	34985249,
	34986942,
	34997247,
	34999128,
	35005459,
	35007118,
	35023598,
	35023931,
	35030310,
	35043374,
	35048890,
	35080905,
	35091197,
	35117324,
	35120916,
	35137010,
	35187898,
	35200691,
	35210021,
	35223425,
	35235474,
	35245379,
	35253072,
	35260200,
	35280358,
	35301485,
	35304421,
	35313391,
	35319205,
	35326268,
	35332895,
	35336223,
	35347485,
	35353826,
	35379136,
	35388912,
	35421472,
	35475816,
	35475826,
	35476582,
	35476585,
	35487450,
	35487755,
	35487853,
	35489551,
	35489554,
	35525708,
	35533938,
	35544846,
	35590843,
	35598903,
	35605397,
	35618203,
	35627425,
	35643773,
	35719703,
	35737961,
	35754515,
	35841089,
	35863355,
	35889153,
	35919624,
	35921145,
	36046410,
	36090740,
	36090786,
	36094802,
	36103134,
	36109560,
	36135765,
	36136595,
	36142153,
	36144747,
	36145560,
	36169473,
	36212498,
	36250575,
	36261030,
	36271800,
	36273486,
	36320941,
	36323080,
	36425890,
	36510019,
	36520775,
	36549321,
	36563365,
	36592619,
	36593644,
	36602015,
	36624360,
	36629231,
	36643284,
	36647011,
	36663005,
	36674657,
	36691427,
	36697817,
	36712161,
	36724342,
	36729559,
	36730379,
	36742563,
	36753466,
	36753773,
	36757082,
	36758042,
	36759856,
	36762936,
	36762937,
	36762938,
	36762941,
	36775657,
	36780650,
	36780797,
	36804063,
	36881436,
	36888436,
	36913705,
	36999337,
	37011153,
	37016840,
	37019058,
	37019961,
	37030382,
	37043722,
	37072475,
	37077831,
	37078244,
	37078286,
	37078293,
	37078307,
	37078311,
	37078323,
	37078332,
	37078335,
	37079468,
	37087114,
	37087495,
	37092533,
	37092560,
	37092615,
	37092627,
	37093440,
	37093497,
	37097824,
	37104097,
	37106248,
	37106945,
	37109436,
	37109442,
	37109452,
	37109454,
	37109465,
	37109467,
	37109473,
	37109474,
	37109475,
	37109476,
	37109482,
	37109485,
	37109488,
	37109489,
	37109493,
	37109497,
	37109515,
	37109516,
	37109518,
	37109523,
	37109524,
	37109526,
	37111079,
	37122775,
	37128981,
	37133553,
	37133715,
	37134325,
	37140573,
	37140621,
	37140625,
	37140661,
	37181311,
	37183719,
	37190486,
	37194598,
	37195214,
	37195235,
	37195240,
	37195246,
	37198125,
	37201279,
	37229017,
	37229040,
	37246418,
	37254245,
	37261199,
	37294941,
	37317363,
	37321426,
	37323747,
	37334105,
	37334304,
	37335440,
	37342524,
	37381055,
	37387843,
	37397799,
	37397829,
	37409077,
	37418716,
	37422285,
	37422341,
	37422390,
	37422524,
	37423149,
	37428689,
	37430420,
	37430444,
	37437376,
	37437379,
	37437384,
	37445514,
	37445520,
	37486405,
	37492799,
	37494663,
	37505706,
	37507811,
	37515776,
	37528148,
	37530877,
	37534549,
	37545690,
	37548354,
	37548559,
	37548573,
	37563420,
	37572711,
	37573197,
	37603293,
	37603311,
	37603392,
	37604100,
	37604110,
	37604112,
	37604115,
	37604121,
	37604185,
	37604215,
	37604236,
	37604254,
	37604256,
	37604270,
	37604289,
	37604294,
	37604326,
	37604335,
	37604352,
	37604356,
	37604383,
	37604475,
	37604572,
	37627261,
	37630114,
	37647910,
	37654177,
	37656556,
	37672029,
	37709058,
	37710225,
	37710316,
	37711432,
	37739713,
	37784445,
	37791215,
	37806304,
	37806320,
	37806321,
	37806322,
	37806330,
	37806331,
	37806332,
	37807348,
	37807349,
	37807350,
	37807352,
	37807361,
	37807364,
	37812674,
	37821675,
	37829548,
	37838576,
	37851593,
	37858037,
	37858040,
	37858042,
	37858043,
	37858047,
	37858048,
	37858049,
	37858051,
	37858052,
	37858053,
	37858054,
	37858058,
	37870753,
	37872784,
	37879700,
	37890632,
	37914140,
	37918374,
	37919889,
	37933463,
	37965704,
	37972445,
	37972455,
	37972467,
	37981901,
	37982201,
	37984583,
	37995075,
	37995827,
	38000073,
	38009211,
	38017155,
	38021200,
	38035994,
	38069993,
	38074271,
	38085461,
	38116765,
	38158894,
	38170800,
	38178210,
	38181705,
	38183106,
	38194613,
	38194846,
	38203381,
	38214276,
	38221795,
	38257304,
	38304020,
	38307658,
	38307676,
	38308376,
	38318820,
	38348520,
	38352773,
	38360778,
	38366338,
	38391792,
	38392557,
	38394145,
	38426621,
	38430129,
	38436223,
	38439167,
	38439192,
	38442069,
	38458004,
	38467824,
	38498901,
	38501610,
	38506908,
	38542589,
	38566256,
	38622480,
	38692122,
	38696097,
	38708316,
	38710981,
	38711017,
	38715039,
	38725505,
	38725511,
	38725512,
	38727316,
	38736353,
	38751266,
	38775920,
	38775925,
	38776715,
	38780026,
	38788305,
	38788310,
	38788316,
	38788333,
	38788344,
	38788345,
	38788347,
	38788349,
	38788362,
	38788365,
	38788367,
	38788369,
	38788381,
	38788382,
	38788383,
	38788394,
	38788397,
	38788401,
	38788402,
	38788403,
	38788414,
	38788415,
	38788416,
	38788419,
	38788421,
	38788426,
	38789309,
	38789329,
	38807021,
	38809467,
	38809574,
	38818902,
	38819562,
	38819567,
	38819568,
	38819572,
	38819576,
	38819580,
	38819587,
	38819600,
	38819606,
	38819610,
	38827156,
	38841188,
	38843122,
	38868536,
	38870048,
	38872915,
	38884982,
	38897932,
	38898619,
	38898631,
	38898638,
	38901052,
	38944034,
	38974636,
	38992103,
	39019176,
	39045861,
	39107005,
	39114779,
	39126534,
	39127763,
	39137942,
	39144740,
	39146378,
	39151955,
	39162076,
	39162778,
	39214860,
	39226296,
	39245628,
	39246006,
	39264911,
	39283817,
	39285669,
	39286116,
	39292943,
	39342846,
	39354327,
	39369384,
	39378524,
	39395997,
	39396788,
	39402672,
	39403643,
	39417066,
	39422112,
	39437901,
	39452980,
	39499755,
	39502474,
	39503582,
	39510842,
	39539194,
	39543833,
	39553129,
	39554836,
	39554934,
	39580087,
	39635381,
	39635905,
	39636632,
	39638483,
	39641459,
	39647407,
	39655484,
	39657258,
	39658092,
	39676921,
	39686433,
	39689031,
	39706799,
	39726267,
	39762176,
	39767286,
	39772817,
	39791384,
	39794190,
	39821423,
	39827819,
	39833429,
	39836193,
	39837488,
	39846262,
	39846585,
	39852409,
	39853779,
	39885443,
	39892445,
	39894035,
	39904721,
	39930654,
	39932058,
	39932342,
	39932986,
	39936392,
	39950536,
	39952796,
	39973463,
	39974648,
	40046288,
	40047903,
	40049605,
	40069272,
	40077017,
	40077366,
	40078896,
	40087600,
	40091554,
	40101428,
	40106792,
	40107269,
	40108212,
	40118247,
	40125631,
	40129189,
	40130240,
	40158055,
	40185393,
	40189687,
	40190980,
	40219898,
	40220293,
	40238106,
	40244627,
	40256481,
	40305484,
	40323126,
	40325827,
	40340917,
	40345052,
	40347019,
	40349799,
	40370737,
	40471462,
	40474257,
	40496190,
	40496345,
	40496475,
	40496703,
	40502707,
	40506035,
	40586266,
	40600541,
	40601008,
	40608413,
	40613170,
	40630684,
	40632710,
	40634824,
	40636235,
	40643998,
	40660375,
	40700092,
	40709953,
	40728015,
	40738601,
	40780688,
	40781699,
	40799289,
	40826151,
	40827505,
	40828017,
	40841535,
	40858550,
	40859355,
	40862478,
	40863950,
	40864018,
	40865132,
	40866249,
	40877129,
	40885527,
	40906890,
	40906934,
	40912849,
	40927787,
	40940733,
	40978502,
	41025202,
	41028503,
	41050181,
	41176335,
	41238768,
	41283669,
	41288158,
	41337731,
	41413238,
	41475932,
	41498488,
	41503404,
	41560132,
	41579680,
	41585692,
	41608253,
	41616651,
	41617826,
	41620543,
	41625031,
	41626338,
	41656349,
	41658074,
	41660506,
	41683772,
	41683777,
	41726241,
	41733075,
	41740239,
	41742780,
	41786009,
	41808217,
	41830277,
	41832419,
	41836468,
	41845830,
	41847015,
	41859840,
	41861884,
	41866990,
	41884147,
	41888894,
	41895708,
	41899140,
	41973511,
	42016062,
	42089294,
	42134643,
	42150207,
	42160122,
	42212251,
	42224390,
	42224825,
	42253612,
	42257619,
	42259842,
	42259844,
	42260820,
	42285587,
	42296303,
	42334778,
	42339248,
	42340721,
	42346243,
	42346603,
	42376531,
	42377671,
	42403016,
	42410360,
	42422716,
	42431344,
	42466003,
	42532751,
	42535064,
	42535438,
	42544545,
	42552570,
	42559104,
	42559530,
	42569824,
	42572454,
	42579430,
	42587546,
	42596783,
	42597045,
	42604823,
	42607508,
	42613691,
	42615294,
	42625414,
	42626508,
	42631353,
	42638247,
	42659418,
	42702403,
	42713479,
	42714172,
	42719142,
	42731294,
	42758814,
	42772144,
	42805534,
	42870299,
	42901097,
	42915955,
	42926799,
	42933424,
	42934146,
	42945765,
	42946687,
	42951622,
	42954468,
	42958467,
	42981147,
	42985803,
	43003493,
	43005980,
	43015402,
	43029246,
	43030136,
	43047436,
	43048007,
	43054209,
	43073052,
	43073079,
	43105895,
	43143736,
	43144281,
	43148613,
	43150154,
	43158698,
	43222798,
	43225349,
	43231785,
	43239050,
	43248973,
	43255029,
	43266750,
	43280260,
	43280949,
	43319149,
	43337741,
	43379656,
	43380235,
	43389919,
	43395172,
	43395541,
	43407601,
	43426300,
	43434222,
	43437576,
	43445217,
	43458038,
	43496401,
	43503555,
	43515919,
	43525245,
	43534960,
	43542380,
	43610588,
	43612735,
	43629178,
	43629348,
	43654740,
	43671001,
	43721879,
	43731994,
	43741612,
	43748380,
	43752171,
	43752178,
	43752182,
	43760445,
	43782302,
	43782487,
	43782499,
	43782786,
	43783158,
	43785625,
	43787294,
	43789960,
	43808621,
	43812834,
	43822980,
	43823799,
	43834958,
	43841115,
	43867477,
	43893469,
	43918381,
	43950327,
	43981279,
	43981319,
	44006368,
	44025634,
	44080609,
	44109090,
	44129907,
	44130300,
	44130386,
	44139278,
	44139940,
	44201691,
	44224420,
	44252461,
	44278079,
	44342057,
	44359266,
	44379720,
	44396252,
	44427791,
	44440254,
	44445602,
	44459689,
	44506228,
	44509957,
	44519131,
	44535778,
	44542550,
	44542564,
	44562191,
	44571604,
	44572731,
	44572745,
	44584624,
	44584653,
	44594242,
	44595294,
	44595383,
	44595390,
	44610326,
	44641565,
	44647542,
	44712679,
	44732528,
	44787797,
	44817780,
	44827294,
	44829492,
	44890595,
	44916640,
	44955052,
	44955173,
	44957401,
	44972139,
	44977306,
	44984670,
	44996520,
	45009515,
	45034455,
	45035810,
	45038464,
	45038712,
	45052610,
	45053729,
	45084860,
	45092623,
	45092667,
	45093327,
	45145038,
	45145050,
	45150449,
	45234868,
	45263976,
	45268346,
	45272901,
	45276700,
	45283276,
	45296807,
	45335131,
	45349522,
	45369793,
	45372194,
	45437912,
	45444629,
	45476605,
	45497287,
	45497866,
	45514659,
	45519415,
	45525914,
	45528573,
	45584554,
	45584568,
	45595615,
	45650757,
	45658451,
	45664405,
	46197541,
	46240685,
	46246172,
	46283289,
	46293115,
	46317579,
	46318869,
	46318900,
	46362443,
	46376321,
	46388506,
	46392016,
	46397925,
	46411913,
	46473213,
	46487101,
	46506631,
	46540687,
	46554038,
	46578873,
	46639084,
	46668814,
	46668829,
	46686776,
	46728817,
	46730335,
	46753410,
	46755275,
	46829997,
	46832339,
	46835235,
	46863288,
	46867075,
	46875443,
	46878774,
	46924608,
	46924610,
	46924613,
	46926468,
	46933332,
	46972977,
	46990678,
	47007515,
	47018910,
	47024234,
	47036255,
	47081820,
	47082293,
	47109633,
	47110072,
	47110227,
	47114458,
	47123590,
	47147216,
	47148344,
	47163166,
	47173732,
	47190270,
	47193266,
	47210827,
	47220574,
	47239048,
	47243120,
	47246115,
	47327601,
	47384926,
	47431623,
	47451859,
	47451953,
	47452434,
	47488787,
	47520595,
	47525657,
	47532661,
	47554100,
	47603179,
	47603244,
	47662739,
	47670963,
	47671802,
	47676750,
	47702683,
	47758061,
	47759206,
	47768148,
	47768380,
	47768517,
	47768524,
	47768534,
	47768908,
	47769688,
	47770289,
	47772586,
	47773868,
	47778403,
	47799052,
	47821752,
	47824330,
	47843927,
	47847205,
	47848389,
	47868377,
	47875134,
	47883161,
	47885096,
	47948757,
	47958046,
	48039275,
	48043643,
	48084133,
	48122556,
	48126108,
	48138725,
	48188371,
	48189274,
	48189551,
	48206970,
	48218901,
	48238585,
	48255078,
	48272566,
	48272952,
	48273875,
	48287716,
	48290407,
	48292939,
	48315621,
	48347274,
	48384263,
	48384340,
	48397799,
	48414712,
	48416480,
	48434065,
	48506019,
	48532977,
	48544030,
	48561962,
	48573548,
	48576919,
	48587495,
	48588930,
	48682344,
	48747625,
	48755758,
	48757275,
	48787780,
	48811680,
	48819956,
	48885367,
	48913803,
	48933123,
	48957231,
	48958236,
	48958265,
	49015248,
	49018943,
	49030162,
	49033103,
	49045471,
	49061736,
	49071876,
	49076195,
	49095120,
	49112807,
	49116049,
	49120451,
	49122014,
	49158027,
	49166857,
	49173956,
	49301294,
	49394012,
	49408987,
	49508902,
	49539710,
	49542962,
	49544818,
	49606709,
	49653203,
	49673687,
	49678113,
	49706886,
	49765718,
	49841668,
	49861441,
	49866569,
	49890295,
	49920094,
	49964820,
	49987887,
	50002014,
	50041739,
	50048628,
	50101255,
	50123434,
	50149515,
	50161491,
	50247928,
	50300473,
	50327374,
	50339401,
	50340320,
	50348541,
	50349996,
	50359959,
	50361019,
	50368209,
	50368662,
	50368892,
	50369098,
	50369100,
	50374229,
	50374674,
	50378200,
	50379523,
	50424902,
	50485330,
	50522347,
	50525942,
	50578008,
	50611027,
	50611994,
	50634567,
	50681624,
	50683111,
	50760031,
	50778602,
	50799285,
	50799993,
	50800656,
	50801811,
	50801814,
	50806877,
	50808694,
	50812449,
	50812464,
	50812512,
	50867241,
	51070407,
	51101607,
	51112567,
	51137835,
	51144849,
	51163601,
	51181887,
	51264233,
	51311958,
	51330195,
	51365967,
	51419351,
	51426311,
	51427057,
	51431246,
	51432603,
	51448819,
	51450880,
	51464994,
	51468211,
	51539250,
	51540778,
	51541531,
	51541808,
	51554490,
	51554491,
	51574501,
	51635028,
	51677461,
	51694717,
	51717285,
	51760584,
	51793418,
	51864136,
	51867196,
	51880166,
	51922885,
	51922891,
	51922900,
	51922902,
	51922905,
	51922910,
	52035587,
	52085877,
	52100178,
	52120888,
	52191895,
	52259763,
	52296855,
	52314806,
	52356284,
	52389429,
	52436164,
	52437265,
	52451065,
	52462674,
	52468585,
	52468589,
	52468591,
	52486631,
	52488714,
	52500124,
	52553067,
	52563692,
	52564664,
	52620664,
	52642165,
	52653581,
	52699973,
	52738215,
	52756244,
	52844446,
	52853885,
	52872528,
	52895483,
	52901510,
	52904884,
	52906122,
	52909822,
	52922549,
	52975499,
	52998716,
	53000923,
	53007276,
	53016733,
	53026920,
	53035030,
	53039349,
	53049632,
	53058097,
	53061866,
	53071625,
	53130948,
	53166422,
	53194585,
	53233182,
	53238143,
	53271675,
	53289149,
	53294687,
	53313276,
	53408182,
	53427409,
	53427862,
	53428586,
	53455323,
	53465664,
	53508348,
	53509001,
	53510724,
	53512190,
	53527615,
	53554642,
	53554720,
	53576030,
	53617037,
	53709675,
	53719379,
	53719416,
	53754248,
	53790335,
	53808782,
	53808794,
	53861740,
	53893191,
	53914421,
	53914422,
	53914423,
	53914424,
	53914425,
	53915800,
	53923356,
	53945096,
	54143431,
	54173661,
	54179431,
	54182882,
	54222282,
	54223877,
	54229175,
	54229821,
	54229967,
	54229996,
	54230036,
	54238227,
	54241562,
	54249931,
	54273610,
	54276512,
	54276928,
	54407016,
	54409274,
	54432100,
	54433821,
	54457710,
	54485504,
	54501732,
	54539945,
	54612295,
	54677469,
	54720777,
	54975570,
	55015381,
	55015384,
	55015387,
	55037402,
	55040042,
	55086242,
	55117660,
	55185325,
	55200177,
	55214688,
	55217290,
	55217414,
	55217416,
	55217580,
	55217711,
	55224479,
	55224588,
	55224592,
	55256139,
	55256868,
	55287359,
	55306225,
	55316092,
	55326836,
	55330333,
	55345322,
	55378678,
	55384090,
	55437854,
	55534011,
	55534893,
	55547394,
	55601807,
	55697235,
	55712537,
	55714087,
	55730356,
	55732462,
	55752175,
	55767809,
	55770179,
	55784669,
	55788400,
	55796371,
	55813845,
	55815643,
	55829251,
	55835946,
	55835949,
	55845073,
	55845264,
	55853293,
	55857643,
	55864295,
	55864416,
	55864496,
	55878885,
	55882943,
	55883459,
	55886395,
	55886487,
	55886520,
	55886711,
	55887186,
	55891603,
	55891699,
	55904971,
	55905080,
	55905188,
	55928968,
	55991834,
	56013851,
	56027178,
	56035615,
	56073774,
	56127579,
	56129189,
	56155795,
	56170787,
	56192799,
	56205236,
	56208380,
	56209232,
	56218805,
	56220041,
	56222050,
	56243280,
	56270598,
	56383411,
	56434668,
	56455358,
	56502396,
	56511881,
	56520876,
	56573019,
	56708771,
	56730398,
	56743461,
	56814693,
	56844456,
	56865808,
	56880586,
	56880644,
	56888346,
	56903357,
	56903364,
	56939112,
	56956742,
	56957736,
	56957989,
	56958045,
	56968120,
	56971190,
	57004467,
	57015246,
	57034123,
	57044172,
	57077082,
	57131425,
	57132202,
	57140781,
	57287177,
	57313277,
	57315338,
	57357377,
	57404447,
	57427245,
	57438604,
	57444594,
	57447879,
	57503767,
	57521404,
	57528533,
	57592861,
	57593162,
	57617082,
	57655352,
	57712092,
	57768635,
	57780476,
	57782491,
	57871822,
	57871830,
	57923899,
	57936524,
	57941124
]